0,0,0,0,0,0,0,0,2.00049,0,0,0,0,0,0,0,0,0,0,0,0,0,1.83671e-40,0,0,0,0,0,0,0,0,0,0,0,0,0,0,0,0,0,0,0,0,0,0,0,0,0,0,0,0,0,0,0,0,0,0,0,0,2,0,0,0,0,1.79366e-43,0,0,1.43493e-42,0,5.60519e-45,0,0,0,0,0,0,0,0,0,0,4.59177e-41,0,0,0,0,0,-0,0,0,0,0,0,0,0,0,0,0,0,0,0,0,0,0,0,0,0,0,2.52435e-29,0,0,0,0,0,0,0,4.59177e-41,0,0,0,0,0,0,5.60519e-45,0,0,0,0,0,3.67342e-40,0,0,0,0,1.46937e-39,1.08526e-19,0,0,0,0,0,0,0,0,0,0,0,0,0,0,0,0,0,0,0,0,0,0,0,0,0,0,0,3.85186e-34,2.93874e-39,0,0,0,0,5.73972e-42,0,0,0,0,0,0,0,5.87747e-39,0,0,0,0,0,0,0,0,0,0,0,0,0,0,0,0,0,0,0,0,0,0,0,0,0,0,0,0,0,0,0,0,0,0,0,0,0,3.22859e-42,0,0,0,0,0,0,0,0,0
0,0,0,0,0,0,0,0,0,0,0,0,0,0,4.48416e-44,0,0,0,0,0,0,0,0,0,0,0,0,0,0,0,0,0,0,0,0,0,0,0,0,0,1.14794e-41,0,0,3.58732e-43,0,0,1.43493e-42,0,8.81621e-39,0,0,0,0,0,0,0,0,0,7.17465e-43,0,0,0,3.67342e-40,0,0,0,0,0,0,0,0,0,7.17465e-43,0,0,0,0,0,0,0,9.18355e-41,0,0,0,0,0,0,0,0,0,0,5.73972e-42,0,2.86986e-42,0,0,3.85186e-34,0,0,0,0,0,1.0842e-19,0,3.67342e-40,0,0,0,0,7.34684e-40,0,0,0,0,0,0,0,0,0,0,0,0,1.79366e-43,0,0,0,1.50463e-36,0,0,0,0,0,0,0,0,0,0,0,0,0,0,0,0,0,0,0,0,0,0,0,0,0,0,0,0,0,0,0,0,0,0,0,0,1.14794e-41,0,0,0,0,0,0,0,0,0,0,0,0,0,0,0,0,0,3.58732e-43,0,0,0,0,0,0,0,0,0,0,0,0,0,0,0,0,0,0,0,0,0,0,0,0,0,0,2.86986e-42,0,0,0,0,0,0,0,0,0,0,0,0,0,0,0
5.87747e-39,0,0,0,0,0,0,0,0,0,0,0,0,0,3.85186e-34,0,0,0,0,0,0,0,0,0,0,0,0,0,0,0,0,0,0,0,0,0,9.18355e-41,0,2.24208e-44,0,0,0,0,4.59177e-41,0,0,0,0,-0,0,0,0,0,0,0,0,0,0,0,0,0,0,0,0,0,0,0,0,0,0,0,0,0,0,0,0,0,0,0,0,0,0,0,0,0,0,0,0,0,0,0,9.40395e-38,0,5.73972e-42,0,0,1.50463e-36,0,0,0,0,0,0,0,9.40395e-38,0,0,0,0,0,0,0,0,0,7.34684e-40,0,0,0,0,0,0,0,0,0,0,0,0,0,0,0,0,0,0,0,0,0,0,0,0,0,0,0,0,0,0,2,0,0,0,0,9.40395e-38,0,0,0,0,0,0,0,0,0,0,0,0,0,0,0,0,0,0,0,0,0,0,0,0,0,0,0,0,0,0,7.17465e-43,0,0,3.85186e-34,0,0,1.14794e-41,0,0,0,0,0,0,0,0,0,0,0,0,0,0,0,0,0,0,0,0,0,0,0,0,0,0,0,0,0,0,0,0,0,0,0,0
0,0,0,0,0,1.4013e-45,0,0,0,0,0,0,0,0,2.52435e-29,0,0,0,0,0,0,0,0,0,0,0,0,0,0,0,0,0,0,0,0,0,0,0,0,0,1.0842e-19,0,0,0,0,0,0,0,0,0,0,0,0,2.29589e-41,0,-95,-87,-92,-80,-114,-106,-102,-110,-124,-108,-28,13,-14,-58,-88,-84,-53,-29,0,0,0,0,0,0,0,0,0,0,0,0,2.52435e-29,3.85374e-34,0,0,0,0,0,0,0,3.85186e-34,0,0,0,0,0,0,0,0,0,0,0,0,0,0,0,0,0,0,0,0,0,0,0,0,0,0,0,0,0,0,0,0,0,0,0,0,0,0,0,0,0,0,0,0,0,0,0,0,0,0,0,0,1.14794e-41,0,0,0,0,0,0,0,0,0,0,0,0,0,0,0,0,0,0,0,0,0,0,0,0,0,0,0,0,0,0,0,0,0,0,0,0,0,0,0,0,0,0,0,1.83671e-40,0,0,0,0,0,0,0,0,1.43493e-42,0,0,0,0,0,0,0,2.29589e-41,0,0,0,0,0,0,0,0,0,0,0,0,0,0,0
0,0,0,0,0,0,0,0,0,0,0,0,0,0,2.52435e-29,0,9.18355e-41,0,0,0,0,0,9.40395e-38,0,0,0,0,0,0,2.24208e-44,5.73972e-42,0,9.18355e-41,0,0,0,0,0,6.88766e-41,0,1.50464e-36,0,0,0,0,0,5.87747e-39,0,0,0,0,0,0,0,32,-2,-16,-9,-6,6,6,4,2,3,8,3,-15,6,20,24,31,52,29,15,0,0,0,0,0,0,0,0,0,0,0,0,0,0,0,0,0,0,0,0,0,0,0,0,0,0,0,0,0,0,0,0,0,1.79366e-43,0,0,0,0,0,0,0,0,0,0,0,0,0,0,0,0,0,0,0,0,0,0,2.35099e-38,0,0,0,0,0,0,0,0,0,0,0,0,0,0,0,0,0,0,0,0,0,0,0,0,0,0,1.12104e-44,0,0,5.73972e-42,0,0,0,0,0,3.67342e-40,0,2.29589e-41,0,0,0,0,0,0,0,0,0,0,0,0,0,0,0,0,0,0,0,0,0,0,0,0,0,0,0,0,0,0,0,0,0,0,0,0,0,0,0,0,0,0,0,0,0,0,0,0,0,0,0,0,0,0,0
0,0,0,0,0,0,0,0,0,0,0,0,0,0,0,0,0,0,0,5.60519e-45,0,0,0,0,0,0,0,0,0,0,0,0,0,0,0,0,0,0,1.43493e-42,0,0,0,0,0,-53,-48,-45,-35,-45,-36,34,46,61,51,13,17,38,32,3,3,-7,-15,-21,-11,1,15,10,19,25,21,2,-35,-32,-8,-7,-103,-115,-128,0,0,0,0,0,2.29589e-41,0,0,0,0,0,0,0,0,0,0,0,0,0,0,0,0,0,0,0,0,0,0,0,0,0,0,0,0,0,0,0,0,0,0,0,0,0,0,0,0,0,0,0,0,0,0,0,0,0,0,0,0,0,0,0,0,0,0,0,0,0,0,0,0,0,0,0,0,0,0,0,0,0,0,0,0,0,0,0,0,0,0,0,0,0,0,0,3.67342e-40,0,0,0,0,0,0,0,0,0,0,0,0,0,0,0,0,0,0,0,0,0,0,0,0,0,0,0,0,0,0,0,7.34684e-40,0,0,0,0,0,0,0,0,0,0,0,0,0,0,0,0,0,0,0,0
0,0,0,0,0,0,0,0,0,0,0,0,0,0,0,0,0,0,0,0,0,0,0,0,0,0,0,0,0,0,0,0,0,0,0,0,0,0,0,0,0,0,1,15,4,-9,-46,-45,-28,3,-6,-64,-38,-27,-18,-13,-34,-55,-62,-39,-28,-6,10,14,-1,-14,-27,-31,-51,-66,-50,-9,-1,-2,-6,-13,-13,11,19,30,-22,0,0,0,0,0,0,0,0,0,0,0,0,0,0,0,0,0,0,0,0,0,0,0,0,0,0,0,0,0,0,0,0,0,0,0,0,0,0,0,0,0,0,0,0,0,0,0,0,0,0,0,0,7.34684e-40,9.40395e-38,0,0,0,0,0,0,0,0,0,0,0,9.40395e-38,0,0,0,0,0,0,0,0,0,0,1.46937e-39,0,0,0,0,0,0,0,0,0,0,0,0,0,0,0,0,0,0,0,0,0,0,0,0,0,0,0,0,0,8.96831e-44,0,3.85186e-34,0,0,0,0,0,0,0,0,-0,0,0,0,0,0,0,1.17549e-38,2,0,0,0,0,0,0,0,0,0,0,0,0,0,0,0,0,0
0,0,0,0,0,0,0,0,0,0,0,0,0,0,0,0,0,0,0,0,0,0,0,0,0,0,0,0,0,0,0,0,0,0,0,0,0,0,0,0,4,6,-7,-45,-53,-45,-27,-9,2,-2,-13,-14,-28,-39,-52,-46,-36,6,27,38,36,25,9,-10,-14,-9,-3,-9,8,40,40,20,-12,-23,-8,0,22,37,22,34,33,-18,-9,17,0,2.29589e-41,0,0,0,0,0,0,0,0,0,0,0,0,0,0,0,0,0,0,0,0,0,0,0,0,0,0,0,0,0,0,0,0,0,0,0,0,0,0,0,0,0,0,0,0,0,0,-0,0,7.17465e-43,0,0,0,0,0,0,0,0,0,0,0,0,0,0,0,0,0,0,0,0,0,0,1.14794e-41,0,0,0,0,0,0,0,0,0,0,1.0842e-19,0,0,0,0,0,0,0,0,0,0,0,0,0,0,0,0,0,0,0,0,0,0,0,0,0,0,0,0,0,0,0,0,0,1.4013e-45,0,0,0,0,0,0,0,0,0,0,0,0,0,0,0,0,2.93874e-39,0,0,0,0
0,0,0,0,0,0,0,0,0,0,0,0,0,1.46937e-39,0,0,0,0,0,0,0,0,0,0,0,0,0,0,0,0,0,0,0,0,0,0,0,0,0,-18,-54,-71,-49,-17,15,33,34,15,7,-17,-27,2,17,22,21,32,33,23,-3,-7,-10,-15,-29,-36,-32,-26,-19,-24,-19,-19,-20,-32,-17,2,0,11,27,19,-6,30,36,45,61,42,36,-79,-91,0,0,0,0,0,0,0,0,0,0,0,0,0,0,1.17549e-38,0,0,0,0,0,0,0,0,0,0,0,0,0,0,0,0,0,0,0,0,0,2.52435e-29,0,0,0,0,0,0,0,0,0,0,0,0,0,0,0,0,0,0,0,0,0,0,0,0,0,0,0,0,0,0,0,0,0,0,0,0,0,0,0,0,0,0,0,0,-0,0,0,0,0,0,0,0,0,0,0,0,0,0,0,0,0,0,0,0,0,0,0,0,0,0,0,0,0,0,0,0,0,0,0,0,0,6.09845e-42,0,0,0,0,0,0,0,0,0,0,0,0,0,4.48416e-44,0,0,0,0
0,0,0,0,0,0,0,0,0,0,0,0,0,0,0,0,0,0,0,0,0,0,0,0,0,0,0,0,0,0,0,0,0,0,0,135,0,0,-30,-38,-26,10,37,34,15,0,-9,-12,-1,26,53,39,26,17,5,-6,-15,-28,-43,-55,-56,-35,-20,-3,6,9,13,12,10,-4,-5,0,0,-15,-28,-39,-56,-91,-119,-156,-164,-164,-143,-128,-82,-41,-28,-11,0,187,0,0,0,0,0,0,0,0,0,0,0,0,0,0,0,0,0,0,0,2.24208e-44,0,0,0,0,0,0,0,0,0,0,0,0,0,2,0,0,0,0,0,0,0,0,0,0,0,0,0,0,0,0,0,0,0,0,0,0,0,0,0,0,0,0,0,0,0,0,0,0,3.58732e-43,0,0,0,0,0,0,7.34684e-40,0,0,0,0,0,0,0,0,0,0,0,0,0,0,0,8.96831e-44,0,0,0,0,0,0,0,0,0,0,1.12104e-44,0,0,0,0,0,0,0,3.85186e-34,0,0,0,0,0,0,0,0,0,0,0,0,0,0,0,0,0,0,0,0,0,0,0
0,0,0,0,0,0,0,0,0,0,0,0,0,0,0,0,0,0,0,0,0,0,1.83671e-40,0,0,0,0,0,0,0,0,0,0,0,0,-92,14,6,-8,31,34,42,31,1,-11,-6,41,44,18,-6,-24,-43,-73,-70,-57,-51,-30,-7,3,37,40,50,54,52,50,47,41,46,45,45,44,51,49,51,51,57,62,56,68,42,23,-23,-64,-85,-94,-116,-62,-72,-25,-111,-104,-98,0,0,0,0,0,0,0,0,0,0,0,0,0,0,0,0,0,0,0,0,0,0,0,0,0,2.52435e-29,0,0,0,0,0,0,0,0,0,0,0,0,0,0,0,0,0,0,0,0,0,0,0,0,0,0,0,0,5.73972e-42,0,0,0,0,0,0,0,0,0,0,0,0,0,0,0,0,0,0,0,0,0,0,0,0,0,0,0,0,0,0,0,0,0,0,0,2,0,0,0,0,0,0,0,0,0,0,0,0,0,0,0,5.87747e-39,0,7.17465e-43,0,0,0,0,0,0,0,0,0,0,0,0,3.58732e-43,0,0,9.40395e-38,0,0,0,0,0,0,0
5.87783e-39,0,0,0,0,0,0,0,0,0,0,1.83671e-40,0,0,0,0,0,0,0,0,0,0,0,0,0,0,0,0,0,0,0,0,0,0,-76,-3,10,30,53,11,-16,-40,-38,-20,6,34,12,-56,-75,-57,-41,-12,14,28,56,58,52,41,64,32,32,24,12,0,-3,-3,-6,-9,-10,0,4,-10,-2,17,15,23,22,29,53,64,92,114,121,128,84,36,-13,-33,-56,-56,-29,16,32,-176,90,0,0,0,0,0,0,0,2.8026e-45,0,0,0,0,0,0,0,0,0,0,0,0,0,0,0,0,0,1.0842e-19,0,0,0,0,0,0,0,0,0,0,0,0,0,0,0,0,0,0,0,0,0,1.50463e-36,0,0,0,0,0,0,0,0,0,0,0,0,0,0,0,0,0,0,0,0,2.52451e-29,0,0,0,0,2.33176e-41,0,0,0,0,0,0,0,9.18355e-41,0,0,0,0,0,0,0,0,0,0,0,0,0,0,0,5.87747e-39,0,5.87747e-39,0,0,0,2.29589e-41,0,0,0,0,0,0,0,0,0,0,0,0,0,0,0,5.73972e-42,0,0,0,0,0,0,0,0,0
0,0,0,0,0,0,0,0,0,0,0,0,0,0,0,0,0,0,0,0,0,0,0,0,0,0,0,0,0,0,0,0,0,-17,42,26,0,-30,-51,-40,-20,27,45,20,-21,-63,-108,-27,60,55,29,35,40,27,27,10,8,2,-1,-11,-14,-14,-7,-2,-1,6,-3,1,-2,2,2,-2,-6,-14,-11,-11,-11,-6,5,-3,-1,-3,2,30,47,44,76,96,85,10,-53,-88,-121,-63,-103,-121,0,0,0,0,0,0,0,0,0,0,0,0,0,0,0,0,0,0,0,0,0,0,0,0,0,0,0,0,0,0,0,0,0,0,0,0,0,0,8.96831e-44,0,0,0,0,0,0,0,0,0,3.85186e-34,0,0,0,0,0,0,0,0,0,0,0,5.73972e-42,0,0,0,1.43493e-42,0,0,0,0,0,0,0,0,0,0,9.40395e-38,0,0,1.43493e-42,0,0,0,0,0,0,0,0,0,2.93909e-39,0,0,8.96831e-44,0,0,2.93874e-39,0,1.79366e-43,0,0,0,0,0,0,0,0,0,0,0,0,0,0,0,0,0,0,0,0,0,1.4013e-45,0,5.60519e-45,0,0,0,0,0,0,0
0,0,0,0,0,0,0,0,0,0,0,0,0,0,0,0,0,0,0,0,0,0,1.83671e-40,0,7.17465e-43,0,0,0,0,0,0,0,15,-10,-33,-44,-33,-10,7,49,37,9,-32,-57,-37,3,60,57,16,0,11,9,7,5,-9,-10,-4,-7,-6,1,5,6,6,-2,-1,-14,3,5,0,-7,-5,7,3,-12,-10,4,6,-4,-12,-1,-5,7,2,-1,3,22,0,9,34,65,103,60,30,87,-71,-172,-143,-170,0,0,0,0,0,0,0,0,0,0,0,0,0,0,0,0,0,0,0,0,0,0,0,0,0,0,0,0,0,0,0,0,0,2.52435e-29,0,0,0,4.48416e-44,2.52435e-29,0,0,0,0,0,0,0,0,0,0,0,0,0,0,0,0,0,0,0,0,0,0,0,1.0842e-19,0,0,0,0,0,0,0,0,0,0,0,0,0,2.35099e-38,0,0,0,0,0,0,0,0,0,0,0,0,0,0,0,0,0,0,0,0,0,0,0,0,0,0,0,0,0,0,0,0,0,0,0,0,0,0,0,0,0,0,0,0,0,0,0,0,0
0,0,0,0,0,0,0,0,2.86986e-42,0,0,0,0,0,0,0,5.73972e-42,0,0,0,0,0,2.8026e-45,0,0,0,0,0,156,0,0,-19,-49,-12,-8,51,59,56,56,47,5,-49,-93,-3,93,42,5,-4,6,4,3,0,-3,-9,-2,2,2,-1,4,-4,-2,-3,-5,-6,-4,0,0,-10,-5,-2,-1,-15,-10,6,-5,-9,-10,-6,-9,-9,-13,-8,-9,-4,-3,-7,-1,-7,-3,-9,2,22,43,71,117,24,-126,-127,-85,0,0,0,0,0,0,0,0,0,0,0,0,0,0,0,0,0,0,0,0,0,0,0,0,0,0,0,0,0,0,0,0,0,0,0,0,0,0,0,0,0,0,0,0,0,0,0,0,0,0,0,-0,0,0,0,0,0,0,1.12104e-44,0,0,0,0,0,0,0,0,1.0842e-19,0,0,0,0,0,0,0,0,0,0,0,0,0,0,0,0,0,0,0,0,0,0,0,0,0,0,0,0,0,0,3.58732e-43,-0,0,-0,0,0,0,0,0,0,0,0,0,0,0,0,0,0,0,0,0,0,0,0,0,0,0
0,0,0,0,0,0,0,0,0,0,0,0,0,0,3.85186e-34,0,0,0,0,0,0,0,8.96831e-44,0,0,0,0,-80,-88,5,13,15,51,73,91,48,-3,-24,-67,-93,-102,-36,55,58,18,-16,5,5,2,3,1,3,-3,1,4,4,0,5,5,-1,2,2,0,-2,-1,0,3,0,1,2,2,-5,2,6,-2,6,-3,0,5,-6,-3,0,3,-2,4,3,1,5,1,1,5,2,-2,-3,31,77,112,105,66,-87,-153,-147,-187,-136,0,0,0,0,3.58732e-43,0,3.58732e-43,0,0,0,0,0,0,0,0,0,0,0,0,0,0,0,-0,0,0,0,0,0,0,0,0,0,0,0,0,0,0,0,0,0,0,0,0,0,0,1.0842e-19,2.93874e-39,0,0,0,0,0,0,0,0,0,0,0,0,0,0,0,0,0,0,0,0,0,0,0,2.35099e-38,0,0,0,0,0,0,0,4.48416e-44,0,0,0,0,0,0,0,0,0,0,0,0,0,0,0,0,0,0,0,0,0,0,0,0,0,0,0,0,0,0,0,2.86986e-42,0,0,0,0,0,0,0,0,0
0,0,0,0,0,0,0,0,0,0,0,0,0,0,0,0,1.50463e-36,0,0,0,0,0,0,0,0,-42,-1,7,18,45,57,76,38,-47,-96,-117,-70,-29,-35,-72,39,100,44,-25,-14,21,2,3,-1,1,0,2,-3,1,1,-2,2,-3,-2,-1,-1,-3,0,-4,-3,0,-2,-6,0,-2,2,-2,-2,4,-3,-1,-2,2,-1,0,-8,-1,-6,3,-3,-7,3,-3,-3,-4,0,1,-2,8,3,1,25,59,124,50,67,82,-84,-137,-133,51,0,0,0,0,0,0,0,0,0,0,0,0,0,0,0,0,0,0,0,0,9.40395e-38,0,0,0,0,0,0,0,0,0,0,0,0,0,0,0,0,0,0,0,0,0,0,0,0,0,0,0,0,0,0,0,0,0,1.50463e-36,0,0,0,0,0,0,0,5.87747e-39,0,0,0,0,0,0,0,0,0,0,0,0,0,0,0,0,0,0,0,3.67342e-40,0,0,0,0,0,0,0,0,0,0,0,0,0,0,0,0,0,5.73972e-42,0,0,0,0,0,0,0,0,0,-3.58732e-43,0,0,0,0,0,0,0
0,0,0,0,0,0,0,0,0,0,0,0,0,0,2.29589e-41,0,0,0,0,0,1.79366e-43,0,0,0,-2,18,13,30,25,-2,-54,-99,-81,-58,9,72,96,2,-69,106,48,-12,-9,23,3,-12,-3,0,0,1,-1,0,-2,-1,1,-2,1,-3,-2,-2,0,2,-3,-2,-1,-4,2,-2,-2,2,0,-5,0,5,-2,2,-3,-4,7,-11,2,-6,-1,-4,-4,-5,4,-4,-3,-3,-2,-6,-2,4,-2,1,-9,-7,5,34,20,99,148,-53,-132,-154,-141,0,0,0,244,0,0,0,0,0,0,0,0,0,1.50463e-36,0,0,0,0,0,0,0,0,0,0,0,0,0,0,0,0,0,0,0,0,0,0,0,0,0,2.35099e-38,0,0,0,0,0,0,0,325,0,0,0,0,0,0,0,0,0,0,9.40395e-38,0,0,0,0,0,0,0,0,0,304,0,0,0,0,0,0,0,0,0,0,0,0,0,0,0,0,0,0,0,0,0,0,0,0,2,0,0,0,0,0,0,0,0,0,0,0,0,0,0,0,0,0,0,0,0,0,5.87747e-39,0
0,0,0,0,0,0,0,0,0,0,0,0,0,0,0,0,3.85938e-34,0,0,0,0,0,8,13,3,-4,-11,-35,-42,-30,-4,8,5,57,100,-2,-196,-160,148,6,11,-1,-6,-10,-8,10,-5,-3,-2,-1,0,6,-4,-3,-1,-1,0,1,-7,1,-1,0,-1,-2,-2,3,-2,-4,-3,2,0,-3,0,4,-2,2,-2,0,-4,0,-5,-1,-3,-5,0,0,-6,-4,-5,-5,-2,-1,-3,-4,-5,-7,8,3,1,-5,4,-19,49,97,115,-7,-6,76,60,-126,-349,0,0,0,0,0,0,0,0,0,0,0,0,0,0,0,0,0,0,0,0,0,0,0,0,0,1.83671e-40,0,0,0,0,0,0,0,0,0,0,0,0,0,-173,-162,-172,-170,-179,-16,-3,-5,-8,-5,-5,2,8,12,7,7,11,8,7,2,9,7,11,9,-41,-179,0,0,0,0,0,0,0,0,1.83671e-40,0,0,0,0,0,2.86986e-42,0,0,0,0,0,0,0,0,0,-1.14794e-41,0,0,0,0,0,0,0,0,0,0,0,0,0,0,0,0,0,0,0,0,0,3.22859e-42,0
0,0,0,0,0,0,0,0,0,0,0,0,0,0,0,0,0,0,0,0,0,21,2,-15,-4,-5,18,53,44,-7,-9,37,74,82,-149,-192,62,164,14,8,-10,-11,12,12,-3,-8,6,0,-1,-4,-3,2,-6,-8,-6,-2,-2,-5,-4,2,6,0,4,2,3,1,2,-1,2,-2,4,-12,0,10,-3,2,-3,-2,-9,7,5,6,3,8,0,-2,0,-7,-1,-1,2,-4,-7,7,4,-12,-3,-7,8,-5,1,-15,-13,-1,37,42,92,59,72,110,132,136,0,0,0,0,0,0,0,181,0,0,0,0,0,0,0,0,0,0,0,0,0,0,0,0,0,0,0,0,0,0,0,0,0,203,0,0,0,-23,-17,-19,-13,-14,-8,-12,-16,-19,-10,-10,-7,-1,-5,-4,-3,2,-2,8,-7,0,-4,2,9,5,8,3,24,0,0,0,0,0,0,0,0,0,0,0,0,0,0,0,0,0,0,0,0,0,0,0,0,0,0,0,0,0,0,0,0,0,0,0,0,0,3.85186e-34,0,0,0,0,0,0,0,0,0
0,0,0,0,0,0,2.15239e-42,0,0,0,0,0,0,0,0,0,0,0,4,12,1,-15,0,18,42,51,11,-48,-62,23,61,25,-19,-181,-100,145,95,-1,-32,7,0,7,4,3,-3,-1,5,4,1,2,1,4,-1,-5,-2,-2,-1,0,1,-1,2,3,0,-1,-1,1,2,-4,-1,-3,-1,0,-3,4,0,1,-3,-1,-3,3,8,1,3,-3,-1,7,-7,5,-2,3,-2,1,-3,0,-1,-3,0,3,-6,-1,-9,6,5,4,-3,9,-4,-2,2,5,33,83,135,62,-57,82,139,102,77,-79,-58,-61,-57,-67,-85,-102,-123,-130,-147,-159,-171,-186,-196,-207,-233,-222,-227,-215,-180,-175,-174,-164,-157,-162,-156,-159,-27,-28,-28,-40,-43,-40,-40,-36,-49,-51,-69,-71,-66,-56,-44,-17,0,1,3,4,9,-12,14,3,-13,7,-8,9,-1,0,7,10,-147,0,0,0,0,0,0,0,0,0,0,0,0,0,0,0,0,0,0,0,0,0,0,0,0,0,0,0,0,0,5.60519e-45,0,0,0,0,0,0,0,0,0,0,0,0,0,2.93874e-39,0
0,0,0,0,0,0,0,0,0,0,0,0,0,0,0,0,-113,-12,-31,-9,1,30,56,34,-14,-54,-93,3,91,47,-52,-37,-148,-101,101,93,-22,8,-6,3,4,0,0,-3,3,4,-3,2,0,2,4,10,2,5,6,4,3,4,7,-1,-4,-2,0,-2,-3,-3,2,3,5,2,3,8,0,-6,-3,-3,-1,3,3,5,-6,-3,-4,-5,-1,-2,-1,-4,-1,-1,-4,-1,-2,-3,0,-3,-6,-5,-13,10,9,1,0,6,11,11,2,8,7,4,-4,-6,32,50,-6,94,39,28,44,52,47,36,42,50,61,65,78,89,98,101,98,107,117,115,97,91,89,77,47,37,21,17,18,3,-7,4,22,18,19,10,-5,-22,-28,-38,-47,-26,9,31,6,-24,-74,-119,-118,-88,-81,-94,-113,-91,-37,-26,9,-21,-7,-4,-11,3,-3,14,10,30,-293,96,0,0,0,0,0,0,2.93874e-39,0,0,0,0,0,0,0,0,0,0,0,1.0842e-19,0,0,0,0,0,0,0,7.17465e-43,0,0,0,0,0,0,0,0,0,0,0,0,0,0,0
0,0,0,0,0,0,0,0,0,0,0,0,0,0,0,-70,-46,-18,25,24,53,30,-38,-60,-51,-9,75,79,-39,-97,-21,-93,-100,100,106,-5,2,-18,18,-6,-5,0,-1,2,-5,-4,-2,-4,-2,0,-3,-5,-1,-4,3,1,-3,-1,8,-5,3,-1,2,-2,3,-4,7,1,-2,1,1,5,-2,-7,2,4,0,1,0,-4,-2,-4,-1,-4,2,-4,4,2,-1,1,3,1,2,2,-3,-1,-1,2,-4,-2,0,3,-1,3,0,-9,2,-1,-2,-5,-4,4,1,12,31,-1,-3,17,7,7,-4,-10,-11,1,7,16,7,4,4,-2,-1,-2,3,13,24,31,30,26,38,42,46,50,59,60,56,61,52,53,57,60,62,70,70,86,94,97,81,70,78,96,108,137,84,-27,-54,33,88,35,-62,-109,-32,14,4,5,8,12,-12,-9,10,-15,14,-80,-70,-71,-106,0,0,0,0,0,0,0,0,0,0,0,0,0,1.0842e-19,0,0,0,0,0,0,0,1.0842e-19,0,131072,0,0,0,0,0,0,0,0,0,0,0,0,0,3.58732e-43,0
0,0,0,2.29589e-41,0,0,0,0,2.86986e-42,0,0,0,0,-37,-8,-27,30,46,20,37,-15,-70,-64,-14,47,57,24,-49,-76,-42,-78,-9,82,82,6,-18,-3,-1,-4,3,2,-2,-1,1,-1,5,-1,-1,1,-2,0,3,3,2,-2,4,0,-1,3,-6,4,1,-2,0,-2,0,-1,-1,1,-2,-1,1,-1,-5,-1,3,-1,0,-3,-5,-1,-1,0,0,-1,-2,-1,-3,0,-4,-1,-2,0,-1,-4,-5,4,2,-3,-6,-3,-1,2,-3,-8,-8,-3,-3,-13,-7,-1,2,-3,3,1,-11,9,20,1,-3,-7,2,3,8,3,0,-6,6,8,6,2,-2,-16,6,15,9,-1,4,5,5,0,4,-1,1,1,3,4,6,0,7,15,16,34,-11,7,-1,2,6,13,19,5,6,52,89,96,83,62,76,132,49,-89,-78,11,10,0,2,10,0,4,-8,-5,-4,6,5,18,25,9,4,-10,0,0,0,2,0,0,0,0,0,5.73972e-42,0,4.59177e-41,0,0,1.4013e-45,0,0,0,0,0,0,0,0,0,0,9.18355e-41,0,3.58732e-43,0,0,0,0,0,0,0
0,0,0,0,0,0,0,0,0,0,0,0,-41,-12,-9,29,30,1,7,-64,-76,-30,63,74,7,-51,-61,-52,-54,20,40,77,66,-12,-32,11,-11,4,2,2,1,0,3,1,-1,-3,2,0,3,2,5,3,3,-1,5,-2,0,-2,3,-3,1,-2,0,1,1,-5,-1,-3,-3,-4,-3,-4,0,2,0,-3,-3,-1,8,1,-1,4,6,2,1,-5,3,-1,1,3,0,0,6,-3,-1,-2,1,2,-2,-3,0,1,-7,-5,-5,-3,-1,-7,-4,-8,-9,-5,-6,-9,5,11,-2,-19,11,-1,-7,3,-1,7,-6,-8,-9,-4,-3,1,-1,-2,-14,11,1,-6,-5,11,1,-6,-7,-9,-9,0,3,4,6,3,-2,-9,-3,1,-5,2,-3,0,19,25,17,14,21,11,-1,8,8,1,-7,-2,4,115,124,-30,-119,-15,16,-6,-3,8,5,19,16,10,4,9,10,11,20,19,-24,-27,0,0,2,0,0,0,0,0,0,0,0,0,0,0,0,0,2.15239e-42,0,2,0,0,0,0,0,1.43493e-42,0,0,0,0,0,0,0,0,0
1.43493e-42,0,0,0,0,0,3.85186e-34,0,0,0,-153,-28,-27,13,25,-5,-23,-30,-44,-47,38,70,17,-40,-42,6,-29,-45,21,42,50,36,-12,9,-2,-5,-1,5,-8,6,4,-1,0,-1,0,4,2,2,2,-2,-1,-1,0,5,-4,1,-2,1,0,-1,2,-1,2,-2,-4,-2,8,3,9,1,3,9,-1,6,-2,-4,1,-2,8,-2,4,4,1,2,-2,-2,-2,1,-3,-1,1,2,1,-4,0,-3,4,1,-5,2,0,2,0,-11,-2,1,3,-1,-8,0,-7,-4,0,-6,-2,0,-2,-3,0,-11,-4,-7,-5,-10,1,-1,9,1,-1,-7,-4,0,0,8,-4,-8,-6,-5,-1,-11,-3,12,10,8,4,7,-7,-5,-13,-5,0,5,17,-8,1,34,37,46,51,-1,-8,33,11,0,3,5,4,12,8,14,95,134,-35,-82,-21,1,-17,9,-12,-10,-2,-8,-11,-11,-7,-4,2,1,-4,-29,0,0,0,0,0,0,0,0,3.58732e-43,0,8.96831e-44,0,0,0,0,0,0,0,5.73972e-42,0,0,0,0,0,0,0,0,0,0,0,0,0,0,0
0,0,0,0,0,0,0,0,0,-181,-16,-15,12,-17,-46,-28,-6,-8,-17,61,54,-23,-68,-15,35,-31,-78,59,58,-19,31,-13,-7,15,-3,10,-3,1,-15,11,3,4,0,-2,-1,-1,-3,-3,-2,-2,-6,-13,-4,-2,-1,0,2,4,4,-3,7,2,-2,-1,2,-2,0,-2,-3,0,-4,-4,-4,-2,4,4,3,-2,2,-12,-8,-4,-4,-4,-1,-3,7,0,3,0,4,7,1,-13,-2,4,3,-1,-8,6,13,12,7,-12,-16,-14,18,7,-8,-13,-10,-3,5,-8,-9,-16,13,-8,7,-8,-5,1,-2,5,4,2,11,12,7,0,-7,-11,-8,7,-1,7,-3,-10,5,7,-5,-1,-9,13,19,14,22,13,-19,-27,-15,0,12,9,20,50,-20,-112,-69,-66,9,30,-7,-20,2,0,-4,26,7,-56,-50,113,185,-8,-88,20,-4,6,-21,1,-10,-4,-3,3,-4,-1,-9,-3,6,10,0,0,0,0,0,0,0,0,0,0,1.46937e-39,0,0,0,0,0,0,0,0,0,0,0,0,0,0,0,0,0,0,0,0,0,0,0
-0,0,0,0,0,3.58732e-43,3.58732e-43,0,-260,-44,-12,1,-10,-29,16,21,-28,-7,59,31,-71,-42,36,40,-31,-47,2,27,4,35,7,-12,-11,-6,2,1,-1,1,6,-9,-8,-5,-8,-2,-2,-7,3,0,-6,0,0,10,-1,-2,1,-1,-1,-3,3,-3,-6,-2,1,-1,-2,-7,12,2,3,2,2,0,4,3,-1,-1,2,5,5,9,4,-4,2,4,7,-1,-8,3,1,2,0,-4,2,7,2,-3,-5,-2,9,-2,-2,-1,-4,2,1,1,7,-6,-9,-7,7,1,-8,2,0,4,-4,-10,-2,-5,-2,-4,-4,-5,-9,-6,-5,-15,-6,-16,0,16,-5,-4,-6,6,6,0,-11,-6,1,15,13,-25,-11,85,4,-12,8,-11,9,-2,19,-6,41,-3,-172,-48,-70,-100,22,8,3,10,15,9,30,-19,2,34,-102,-146,13,167,-76,-47,12,-4,15,8,-4,-7,12,1,8,3,-3,4,7,3,1.0842e-19,0,0,0,0,0,0,0,0,0,0,0,0,0,0,0,0,0,0,0,0,0,0,0,0,0,0,0,0,0,0,0,0,0
0,0,0,0,0,0,0,0,-49,10,9,-11,2,29,17,-11,15,38,13,-73,-17,29,23,-21,-48,-54,24,13,5,30,-10,13,-5,-4,2,1,2,-1,5,2,1,2,3,2,3,3,-3,3,-1,2,3,0,7,2,1,1,-3,-3,-4,-6,3,-1,0,3,-4,-5,0,-2,-3,-1,-1,2,0,2,0,1,0,2,1,6,3,-1,-1,4,0,4,-7,-2,4,3,-3,-2,1,10,0,-3,-7,3,17,-2,-5,-3,-4,3,1,17,-7,-3,-17,-4,8,3,-1,2,2,3,0,-2,-3,0,-1,0,-1,-5,-4,3,-3,-10,-8,-12,5,9,-1,-6,1,0,5,0,1,-13,4,33,3,-37,-20,-45,2,21,-22,-12,19,7,24,10,36,21,-116,-80,-35,-36,27,14,-12,17,39,32,41,45,54,30,-43,-112,-190,134,67,-132,-21,8,-5,-21,-13,-15,-15,-18,1,-15,-3,9,4,-10,-34,0,0,0,0,0,0,0,0,0,0,0,0,0,2.93874e-39,0,0,0,0,0,0,0,0,0,0,0,0,0,0,0,0,0,0,0
7.17465e-43,0,0,0,0,0,0,-100,14,13,-17,-4,31,11,-28,-12,40,-1,-76,-26,34,68,-15,-110,9,42,25,26,18,3,-14,23,-3,0,3,2,3,-5,3,0,3,3,3,3,5,-2,-5,2,1,3,0,3,-5,-2,0,1,-1,0,4,-2,-2,-3,-1,-1,-1,-2,-2,-2,-3,-3,4,-1,1,-1,-1,1,-3,1,1,-4,-2,2,2,-2,1,-2,1,3,4,-5,-1,-6,-1,10,-2,-9,-1,-3,12,2,-4,-9,-4,2,8,27,-23,-11,-8,-5,2,5,1,0,1,5,-6,1,1,-2,-6,4,6,-1,-2,-5,-7,-5,2,2,-2,9,-6,-3,-2,7,5,-3,8,-12,2,19,0,17,9,-116,-133,-13,-29,21,3,-3,20,-19,11,33,58,-5,23,-13,43,68,47,24,-14,11,19,19,46,73,6,-72,-117,67,78,11,-106,-23,-27,18,10,15,13,-1,-5,-12,-20,-13,-13,-10,-5,-54,-33,-44,-40,-13,0,212,0,0,0,0,0,0,0,0,2.93874e-39,0,0,0,0,0,0,0,0,0,0,0,0,0,0,0,0,0
0,0,0,0,2.93874e-39,0,-75,8,8,-3,12,27,2,-29,-7,26,-26,-55,-8,90,73,-56,-77,20,55,20,25,7,11,-4,-20,11,-2,-6,0,4,0,3,3,-9,-5,-5,-5,-5,-6,2,-5,3,-4,4,1,2,-2,-5,-4,0,0,4,6,-1,-1,0,-2,-3,5,1,3,0,1,6,-2,7,2,1,-3,1,-2,-3,3,-7,-2,3,2,0,2,2,2,3,1,-4,-2,6,2,-1,-1,-2,1,-1,6,-1,-2,-9,1,8,4,18,-24,-8,3,0,1,1,-3,-1,2,-3,2,0,8,-4,4,-2,-6,-2,-4,3,-5,-2,3,3,3,-1,0,-5,2,0,1,5,12,-9,-20,18,0,4,29,37,-87,-38,20,37,8,-5,-9,19,12,-16,17,16,-23,0,40,18,7,-54,-93,-62,-54,-87,-69,50,50,5,31,17,14,88,-22,-68,0,30,32,28,41,25,9,-3,14,0,7,5,-12,-7,-14,-6,-13,-8,18,-110,-155,0,0,0,0,0,0,0,0,0,0,0,0,0,0,0,0,0,0,0,0,0,0,0,0,0
0,0,0,0,0,-66,8,-1,-3,9,5,-18,-25,-12,3,-13,-38,21,94,83,-36,-107,-2,66,-9,14,16,-4,4,8,-13,7,-5,-2,-2,-2,4,3,3,-1,0,0,0,0,1,-3,0,2,-3,0,-4,7,2,5,4,3,-3,-4,-4,-4,4,-2,-3,0,-1,1,8,2,1,-1,-4,-1,-3,3,-1,-4,-2,-3,1,-3,-1,2,2,-1,-4,3,2,-4,-3,-2,-3,10,3,-10,5,7,9,1,-4,-1,-3,0,5,7,3,2,-9,1,10,10,0,-6,-7,5,-2,6,1,-2,4,1,4,-1,-3,-8,1,-2,-7,-1,5,12,9,-7,-2,-5,-3,-1,2,2,11,0,-18,-4,18,-23,-14,52,14,-30,58,24,6,-1,-11,13,6,-12,-4,6,-47,24,33,10,5,-49,-1,-22,-27,-4,-67,-35,52,55,-25,11,49,49,96,21,29,-71,-46,-38,-66,-2,-24,-4,23,-5,-13,-9,-12,11,8,-4,-2,-7,-4,-3,-5,-59,-0,0,0,0,0,0,0,0,0,0,0,4.03897e-28,0,0,1.14794e-41,0,0,0,0,0,0,0,2.86986e-42,0
0,0,0,0,-76,-22,-17,2,15,0,-16,-9,-11,-3,6,-36,19,64,18,-51,-46,-69,19,34,0,21,3,-8,-4,8,-3,5,0,0,-4,-4,-1,2,-9,9,4,4,4,3,4,6,-6,2,-1,2,1,5,-7,-10,-1,-2,5,5,9,1,2,1,6,3,-1,-1,0,-6,-1,-4,-2,-5,-1,4,-4,3,2,0,4,1,-2,-2,-2,2,2,-6,-5,2,4,3,0,6,4,-13,-1,7,6,1,-8,-6,-1,-2,-4,6,-3,-4,-5,4,4,2,-2,-1,0,6,-4,-1,5,4,-1,-3,-7,3,-2,-2,-3,3,-5,4,4,16,-2,-11,-3,-12,-4,4,4,8,4,17,-3,-19,18,34,7,-48,-27,-25,40,24,-16,-5,0,20,-8,-1,3,6,-35,24,24,18,-2,-81,-34,-7,-48,-31,-71,-20,8,16,31,65,-29,4,-49,83,86,-1,4,-8,-65,-82,-50,-52,-48,14,-19,-31,25,-8,-31,-3,-3,-2,-4,-6,2,3,7,-46,0,0,0,0,0,0,0,0,0,0,0,0,-0,0,0,0,0,0,0,0,0,0
0,0,0,-31,8,-14,-1,29,15,-7,-5,-5,-20,-13,62,36,15,11,-51,-9,-49,-65,69,24,-5,4,-8,9,-11,9,-11,11,14,-1,-3,2,1,-8,-14,7,2,1,-2,1,3,-1,-7,4,3,9,3,2,2,4,1,7,3,3,5,2,7,5,6,-1,-5,-6,5,2,-1,1,1,5,3,2,4,3,3,8,14,5,3,-7,-6,4,-5,-8,2,-1,-1,1,0,5,-2,-16,2,5,7,-5,-11,-4,-1,-9,-9,-13,-1,1,1,-9,1,-3,-7,4,5,6,1,3,4,2,3,-12,-12,-3,-2,0,-6,-7,-14,-6,1,17,9,-20,-10,-15,-3,4,11,11,7,20,-1,-25,-3,40,38,-32,-48,-17,4,33,-2,18,-4,3,16,5,-13,11,9,23,0,-4,62,3,4,24,17,-13,-58,51,32,-17,73,7,-55,-15,14,79,2,-83,38,26,38,-74,113,136,-139,-33,-37,-33,104,-1,-52,-26,1,18,10,23,48,64,69,53,-82,0,0,0,0,0,-0,0,0,0,0,0,0,0,0,0,0,0,0,0,0,0
0,0,0,0,34,23,18,3,-18,-11,-4,-9,-56,33,52,-5,-43,-23,-23,-8,-52,28,26,-9,18,11,-8,6,9,2,2,-11,5,10,8,1,-6,4,12,-11,-5,-3,3,5,1,0,-2,0,5,-3,1,8,-6,-5,1,-12,-11,-7,-13,0,-3,-4,-5,-1,3,1,3,0,2,3,-3,3,-1,-6,0,0,0,-4,-14,1,0,5,4,-4,2,0,6,-1,2,-4,-1,-6,-2,6,5,15,-12,2,34,-8,-26,16,12,21,-5,-22,8,17,-20,-20,16,12,9,-7,-1,-4,-2,-2,8,4,8,6,1,8,1,3,-2,12,0,1,6,-5,13,-4,-13,12,0,-15,1,7,13,3,-38,-12,19,11,0,-5,15,21,-3,-18,-24,17,14,-19,5,4,23,-8,-10,-10,-18,54,-29,-54,63,18,1,24,23,-25,-3,-31,-44,14,-5,-150,-15,92,60,-43,87,7,-63,116,79,-53,-9,54,-32,0,90,91,-59,-64,18,38,-28,-4,-22,-18,-138,0,0,0,0,0,0,0,0,0,0,0,0,0,0,0,0,0,0,0,0,0
0,0,0,0,0,24,23,5,3,-8,-4,-15,-6,27,57,41,-5,-12,-5,-7,-67,34,38,-6,31,23,-6,-15,-12,-3,2,1,-8,-14,4,7,-2,11,4,1,-6,-6,-5,-4,-2,3,-5,-1,-2,-6,-3,4,-5,-5,2,-1,-4,4,1,-1,2,2,0,-5,4,1,0,1,3,-1,1,9,-2,-9,-2,0,-4,-5,-8,1,3,2,1,2,3,0,4,4,-1,2,-6,2,7,-4,1,7,-2,3,5,-7,-14,13,14,13,-1,-19,16,6,-13,-10,4,1,9,-1,-3,2,4,2,-5,-4,-1,0,-1,-1,3,-9,-2,8,4,3,-2,-9,-4,9,-15,-2,7,6,4,-3,8,4,-25,-12,-3,9,-17,-24,4,22,19,-4,-3,3,5,12,15,-1,33,8,-33,-21,-11,-20,-2,31,40,3,20,-27,-30,24,-36,-30,50,-3,38,-39,-30,24,-45,-7,11,-38,-27,-15,7,69,39,-67,18,48,-16,6,59,32,-31,-33,-17,-75,-44,-16,-1,0,0,0,0,0,0,0,0,0,0,0,0,0,0,0,0,0,0,0,0,0
0,0,0,0,0,-70,-25,-5,11,13,-9,-13,-26,-22,5,34,-2,-8,0,-7,-71,29,27,-21,24,14,1,-7,-12,6,10,-2,-2,-6,2,-5,-5,7,2,-1,6,9,-1,0,-4,-3,6,0,-3,0,-6,3,-2,2,1,0,2,6,10,-4,1,-5,3,4,-5,0,6,-5,-7,1,5,2,0,-1,2,0,2,-1,-3,0,-5,-4,1,3,3,7,9,0,-3,-4,3,6,12,3,-6,-3,5,4,-2,-7,-3,10,1,8,1,-15,21,0,-11,-4,2,0,4,2,6,1,4,-2,-5,-3,-4,1,3,-2,0,1,-3,3,3,6,2,-8,-10,5,-9,-7,-2,9,8,-6,13,13,5,-15,-10,40,-14,-24,-16,11,18,8,-18,-3,3,12,11,4,26,-12,-13,-12,24,34,-15,-37,-69,-18,-2,-46,21,30,7,28,7,-49,13,29,45,44,-5,-1,-45,-13,50,-49,-28,-18,46,51,13,5,-46,-61,14,105,-46,-168,-38,58,24,3,19,34,0,0,0,0,0,0,0,0,0,0,0,0,0,0,0,0,0,0,0,0
0,0,0,0,0,-135,-16,-12,-1,8,-3,15,1,-24,-33,-2,1,13,-7,-15,-24,20,20,1,22,7,8,9,-7,9,2,-7,12,2,-4,-6,-11,2,2,-3,5,10,13,5,-2,-1,12,4,5,5,6,-3,5,5,4,3,5,-4,10,-1,-2,1,-4,-5,6,-3,7,-4,-5,2,2,2,0,5,2,3,2,2,-2,3,4,-3,5,2,2,0,2,-1,0,-1,-3,3,3,7,-10,-2,2,10,-15,-3,-2,3,-1,-2,-9,1,13,-11,-7,7,2,-2,3,-2,-2,-7,-5,1,0,-2,4,-1,2,3,2,-4,2,3,4,8,4,-1,-4,-3,-3,-2,-6,8,13,3,2,9,8,-4,-10,21,-3,-14,-14,9,24,16,-2,0,14,9,-5,6,-10,-72,26,31,14,4,-65,81,10,-59,54,83,37,13,-38,10,36,31,-43,-16,55,-9,-19,13,61,7,32,32,0,-5,-17,-27,27,4,15,14,-40,48,117,65,-68,-38,-7,-24,-23,-59,0,0,0,0,0,0,0,0,0,0,0,0,0,0,0,0,0,0,0,0
0,0,0,0,0,0,-13,3,10,3,0,1,34,18,-28,-24,-1,27,-15,-4,-3,-11,0,12,36,14,5,3,-13,-11,-7,5,3,-7,1,4,-4,7,-5,-2,-5,-2,-5,-7,-2,1,-5,0,0,4,1,-14,4,11,7,7,1,0,11,-7,3,-5,3,3,-4,4,-4,-1,-5,1,3,0,-4,-3,2,-5,-2,-2,-3,4,-2,-2,-4,1,0,-10,-3,-4,1,-1,2,-6,-2,7,-1,-10,7,1,-12,4,13,1,1,-14,3,14,-8,-9,-2,6,7,6,1,-1,-5,-4,-3,2,4,1,2,0,-1,3,-2,0,3,-8,8,8,9,2,9,-16,-1,9,-5,-7,10,12,16,11,3,5,-7,-6,-6,-24,-24,-18,5,13,6,9,23,-9,-15,25,47,-17,-55,-46,-27,-52,-67,32,115,-38,-60,-35,-12,-46,-53,-30,-28,-19,0,-45,-39,-43,37,17,11,58,-21,-32,75,69,-11,-98,-20,7,-37,-11,64,-15,2,107,-73,-72,-73,5,-19,-51,-3,0,0,0,0,0,0,0,0,0,0,0,3.85186e-34,0,0,0,0,0,0,0
0,0,0,0,0,0,-19,3,10,14,14,0,12,19,0,-22,-7,32,-18,-28,-57,-39,-9,-5,37,32,29,14,-18,16,11,17,4,-10,1,7,1,6,-11,13,2,-6,-6,1,-1,1,0,-8,-2,0,2,-14,-1,-5,-2,-1,-7,-4,-1,2,-1,5,0,2,2,1,0,0,1,5,-4,-4,-2,3,-5,-1,-2,1,-1,6,-2,-6,-2,3,-4,0,-2,0,2,2,-6,-5,-12,5,-6,-11,4,2,-16,0,17,3,4,-13,2,33,-24,-18,15,15,6,0,-7,-7,-4,-6,0,3,-3,-1,-1,4,5,0,-1,-4,2,-4,8,0,2,6,0,-17,-9,10,-4,-17,-1,15,21,7,-13,-3,0,-5,10,12,-7,-29,-18,10,21,37,44,7,4,-1,4,6,-41,-45,-24,-12,2,-64,-49,79,30,-125,45,46,-38,17,118,-35,-8,4,-39,45,116,-10,54,52,50,-53,-21,-37,32,69,15,32,-24,-17,18,49,50,-32,-60,58,114,105,-7,-32,-20,-220,0,0,0,0,0,0,0,0,0,0,0,0,0,0,0,0,0,0
0,0,0,0,0,0,0,-40,-16,-13,-2,10,7,15,18,-5,-20,-2,-2,-26,-69,22,25,-18,-16,-9,12,-4,-16,7,11,-7,12,2,-3,-6,-13,-1,-9,11,2,8,5,5,0,-7,2,1,-1,1,0,0,0,-4,-5,5,-4,-9,3,1,2,-3,3,-1,1,3,-6,5,7,-2,4,-5,-1,2,2,2,0,5,9,1,2,-7,3,1,2,-4,3,2,0,4,-1,-2,-4,0,-9,1,3,-6,-3,4,8,-2,-1,-12,-3,12,-24,-4,17,8,5,3,-18,-3,-1,1,1,2,-6,3,7,-1,3,3,0,0,5,-4,9,4,5,7,3,-10,-11,6,-1,-14,1,-6,-7,-7,-19,-14,-1,4,18,17,-4,-27,-31,-9,0,33,10,-12,-25,-25,4,44,13,-30,-8,-26,25,12,43,27,34,-9,12,-12,-73,27,43,-11,47,-29,-96,6,-81,-105,-77,-78,12,6,-31,-17,9,3,39,7,39,44,-11,-5,-37,-31,54,-57,45,5,-41,17,-12,-92,0,0,0,0,0,1.14794e-41,0,0,0,0,0,0,0,0,0,0,0,0
0,0,0,0,0,0,0,0,27,-9,-30,6,-7,-20,10,31,-13,-23,61,-51,-92,46,19,-1,-7,-8,-24,-6,11,-9,0,5,-11,-12,3,4,8,18,-9,2,0,11,-2,-9,4,-1,-6,2,10,-1,-7,0,4,-2,-4,2,1,0,11,2,-1,-3,-5,-8,-4,-3,9,-2,0,-3,-2,-4,2,2,-7,1,4,-2,-8,-5,2,6,4,9,10,-1,-4,-1,11,13,0,0,11,6,12,25,4,-9,0,15,-6,2,1,5,6,-34,11,12,-1,-3,-6,0,-4,10,11,11,7,2,3,1,0,-3,-3,-1,2,1,-4,-2,0,0,-4,0,10,4,0,19,18,7,-5,-17,-14,-6,9,10,7,5,29,-2,3,21,3,-28,-65,24,10,-8,17,-30,15,66,73,-14,-12,-22,86,-13,-44,-1,-3,5,11,-11,82,-16,-43,-10,-62,-10,-13,47,10,-9,-56,-74,7,-40,26,63,-51,-77,45,-26,-16,49,42,16,-68,2,1,-108,-16,19,-36,-3,-1,-76,0,0,0,0,0,0,0,0,1.12104e-44,0,2,0,0,0,0,0,0,0
0,0,0,0,0,0,0,245,-114,20,11,1,5,7,11,15,18,6,9,-1,-69,-29,-8,14,4,13,14,12,-1,-7,4,-7,-6,6,15,13,8,1,-14,9,-3,-7,-8,-1,3,2,3,-2,8,2,-3,3,8,1,3,-4,-1,-5,9,-1,2,6,-3,0,4,1,2,3,-4,2,-1,0,7,9,5,-2,7,7,-1,2,5,1,0,7,5,-6,2,-1,1,1,-3,0,-9,7,15,-6,-14,3,-6,5,3,5,0,-9,-6,-19,5,5,7,-4,1,-1,-1,4,2,0,0,-2,3,-1,1,3,-3,8,2,-7,4,-2,3,1,3,-6,-3,-3,-8,12,10,8,17,10,-4,4,1,2,9,4,7,-8,-29,-17,6,15,6,-31,56,8,-28,-2,-83,-47,72,27,21,49,76,-38,-77,60,47,-30,-47,-41,83,-21,101,18,-41,19,45,7,54,-3,42,45,49,-27,-11,-26,-60,18,15,51,-61,-4,0,13,74,40,-35,-101,29,7,-36,-11,-16,-68,0,0,0,0,0,0,0,0,0,0,0,0,0,0,0,0,0,0
0,0,0,0,1.46937e-39,0,0,0,0,3,-2,-11,-6,-4,-14,-6,23,32,23,46,-8,-44,-16,9,-13,0,0,1,-6,-14,11,-17,-2,18,-2,-7,-8,-8,8,-3,0,-5,10,11,-5,3,8,0,2,-1,-2,0,9,5,1,6,1,-5,2,-3,0,2,2,-2,-3,3,6,-2,7,0,4,3,4,6,1,3,2,4,-4,3,6,0,0,-2,3,4,-3,7,1,-8,3,1,-4,3,-2,6,-2,-1,12,-4,-1,21,2,-30,-9,-1,1,3,-2,-6,1,-3,-1,8,0,-2,5,3,3,4,3,4,7,2,6,-4,7,8,5,3,3,3,1,-8,-14,0,-3,7,8,0,3,3,3,2,-6,-3,19,29,10,-22,-30,-10,11,-46,120,35,-123,29,43,-24,83,-38,3,-15,-23,-14,7,-10,-32,26,-5,-18,-1,-52,-40,-22,37,-53,-16,71,19,33,86,-3,3,43,-38,-32,24,10,-71,55,16,-40,32,17,57,46,9,-37,155,51,-42,-14,23,-70,0,0,-0,0,0,0,0,0,0,0,0,0,0,0,0,0,0,0
1.14794e-41,0,0,0,0,0,0,0,0,0,-10,5,-1,-9,-14,-11,-11,-1,11,5,27,0,1,6,-17,-6,4,10,1,12,10,-10,0,16,4,0,9,-1,17,-5,22,33,10,-14,-5,18,4,-9,-2,-11,-2,4,3,-5,3,8,6,-1,12,-1,2,8,1,-1,4,5,-4,4,0,9,5,8,-2,-1,-3,-10,1,6,-1,1,-1,4,-2,2,-2,-1,2,10,-1,-4,4,0,-2,10,1,3,-2,-2,3,24,26,23,0,-20,-3,11,5,5,5,0,1,6,0,-4,-3,0,0,10,7,-3,-7,-2,-6,-1,-6,-13,0,-6,-1,-2,-11,-12,-10,-4,-7,0,-7,-7,-3,-1,-2,-4,-1,1,-1,2,-25,-3,17,8,7,-1,-20,20,-30,-44,-55,-27,154,42,-71,-40,-89,-40,171,-11,106,43,-70,-77,-55,6,12,-6,26,-31,46,71,37,-74,-22,31,-60,-17,38,27,27,-22,-15,-16,-40,-31,-8,-47,24,-16,-57,-21,27,2,25,-98,-44,14,-8,-78,0,0,0,0,0,0,0,0,0,0,0,0,0,0,0,0,0,0
0,0,0,0,0,0,2.29589e-41,0,2.24208e-44,0,-154,-12,22,10,10,5,-10,-19,-8,-15,-1,-5,-9,1,6,24,13,18,15,25,10,-7,2,10,-10,-17,-7,2,9,28,-2,4,2,-8,0,-10,4,-4,-4,-3,-5,-6,4,5,6,7,1,-9,-17,10,1,4,5,4,8,11,-6,-4,3,2,7,0,-7,-5,5,-2,4,10,9,-5,-6,2,-1,-6,-5,-1,4,1,1,-2,-1,-1,-2,5,10,-6,8,31,17,20,-10,-21,-29,-4,12,2,-1,6,0,0,1,4,-2,-1,-2,-1,-2,-1,-4,6,8,2,8,3,5,4,2,5,1,1,0,-4,-8,7,6,8,-7,0,3,-9,-11,-9,-4,-2,-2,8,4,-7,-17,4,24,-2,-51,-31,-3,-33,-16,-74,110,31,-7,26,-36,-73,92,-56,-137,5,65,45,58,46,27,8,26,-2,18,-50,-18,-17,-14,-29,4,-3,15,-15,48,70,22,-42,-7,-28,23,8,12,-5,-40,-1,30,52,-90,-29,7,-20,17,-60,0,0,9.40395e-38,0,0,0,0,2.29589e-41,0,0,0,0,0,0,0,0,0,0
0,0,0,0,0,0,0,0,5.87756e-39,0,0,0,4,16,10,18,24,25,28,31,14,24,17,-2,2,-18,-19,-12,5,29,8,-2,28,3,4,15,29,59,21,-21,-45,7,-17,-26,2,-6,19,-2,36,28,13,0,7,2,7,16,1,-1,13,7,0,-10,4,14,10,3,-4,-8,-9,-1,-8,-11,-7,6,4,-13,4,18,3,-7,-3,-7,3,-9,-8,1,-1,-10,1,6,-9,-7,12,22,3,10,21,6,-26,-39,-51,-23,2,18,26,26,2,11,11,7,14,8,4,-1,10,10,9,3,0,8,8,4,-3,1,1,6,3,5,10,14,9,7,10,4,8,7,-6,-3,-13,-14,6,2,-10,-13,-13,-8,-14,-14,-5,6,15,5,-6,3,18,-41,-80,121,86,-79,-107,-43,71,-66,-98,-26,38,26,37,14,-3,1,12,-12,48,21,-45,-52,-8,48,3,-20,47,-3,2,-52,-51,7,5,51,31,-24,-27,58,40,-8,-55,5,4,86,-5,-57,65,5,-13,-71,0,0,0,0,0,5.60519e-45,0,0,0,0,0,0,0,0,0,0,0,0
2.35099e-38,0,0,0,0,0,0,0,0,0,0,2.52435e-29,0,-111,4,-8,-10,-13,-12,-18,-25,-11,11,6,13,-4,-14,-7,-17,-9,-26,-47,3,24,24,28,-8,-80,-113,24,-2,9,2,5,30,15,-3,40,16,26,9,-2,-8,13,-8,-23,10,14,8,-5,-2,-3,-4,-7,-4,1,18,7,-11,-4,-1,18,0,-15,-3,0,3,7,13,-5,-3,7,8,4,1,-1,3,5,5,9,9,19,29,1,-20,7,-26,-49,-13,-12,-3,10,17,8,-3,-19,3,1,2,-1,2,-1,-9,6,4,3,-3,0,-6,-5,-6,-6,-8,-5,-7,-11,0,-5,-7,-6,0,-7,-14,-2,-4,11,8,5,11,3,2,4,6,10,8,-16,-16,-10,0,1,-7,-11,22,8,-54,-21,53,-220,127,-94,-148,-71,20,79,71,84,30,-116,29,1,-30,-39,-27,35,1,35,36,7,-26,102,-56,-7,29,-18,-6,20,-56,0,-36,49,33,-31,1,8,6,54,-3,-9,-63,86,9,-50,20,4,18,-39,2.52435e-29,0,0,0,0,0,0,0,0,0,0,0,0,0,0,0,0,0
0,0,0,0,0,0,1.14794e-41,0,2,0,0,0,0,0,-156,5,7,7,5,21,13,20,15,19,30,51,49,40,34,23,24,19,-15,-3,-26,-11,-2,-15,51,39,11,-15,15,4,-32,-24,-24,-7,-45,-22,6,-5,-15,9,-12,-23,14,3,-9,-8,0,0,-8,-4,1,-2,13,22,23,31,47,55,28,7,33,29,-8,-21,-5,13,4,1,4,5,-2,0,21,20,10,2,12,28,20,-17,-15,-7,-23,-22,20,-3,0,7,-5,-2,5,6,-10,-12,-13,-3,-1,1,7,10,0,-2,-10,-6,-12,-10,-8,-5,-5,-1,-2,2,-3,-8,-12,-9,-7,-7,-12,4,4,14,12,15,11,22,-1,-20,0,4,-2,13,5,-8,-8,8,10,15,49,30,-79,-40,84,-83,117,73,104,124,40,22,-50,-74,12,-116,29,15,36,14,-1,-21,-52,1,66,55,-66,35,18,18,33,-45,67,21,16,-6,-69,-51,-50,7,-3,-39,64,58,42,132,-11,-39,-42,-11,27,-23,-29,-77,1.17549e-38,0,0,0,0,0,0,0,0,0,1.17549e-38,0,0,0,0,0,0,0
0,0,0,0,0,0,0,0,2.35099e-38,0,0,0,0,0,9.18355e-41,-5,-8,-14,-12,-18,-4,-10,-21,-29,-25,-27,-40,-28,-17,-5,8,24,13,10,-1,-5,-6,-10,-6,7,4,-11,44,12,-37,6,-18,-24,-3,-4,26,5,0,11,-12,-4,17,6,38,41,36,27,37,28,21,30,7,8,-1,-7,-8,-17,10,26,-5,13,37,35,6,19,12,4,13,9,10,13,16,24,20,11,-1,-23,-28,-13,-7,3,9,28,42,2,7,2,-6,-4,2,11,9,-1,-7,-8,-3,-7,-13,-7,-9,-10,-5,-7,3,-4,-6,-4,0,-2,3,0,1,1,0,0,0,0,0,3,2,-1,1,-11,-6,2,10,8,28,-1,-10,24,8,-8,-6,9,10,5,14,55,15,-109,-44,164,-34,-72,0,-26,6,-11,-40,-14,8,-15,55,30,5,-5,24,47,23,-57,-49,15,-76,-103,52,-11,-49,-27,76,-2,-25,28,49,-14,-9,2,40,59,-29,-62,-13,2,15,-12,-36,19,20,-45,-26,-49,0,0,0,0,0,0,0,0,0,0,0,0,0,1.50463e-36,0,0,0,0
7.34684e-40,0,0,1.50463e-36,0,0,0,0,0,0,0,0,0,0,5.73972e-42,-173,-18,12,9,0,12,14,22,22,9,-14,-28,-21,-29,-21,-8,-8,-1,-2,1,4,1,0,-9,-16,1,10,21,2,1,26,-9,-12,-9,-38,-18,-11,-4,7,8,17,1,-35,-31,-19,-29,-30,-31,-23,-18,-24,-28,-24,-26,-37,-37,-35,-35,-34,-36,-46,-51,-45,-16,-42,-31,-13,-3,-10,-6,-1,-34,-32,-50,-46,-30,-32,-20,4,-1,1,10,24,25,1,-1,10,4,-10,-12,-17,-7,-16,-19,-11,-5,-8,-13,-4,-6,0,-2,2,3,5,1,0,2,-1,2,-9,10,6,9,7,7,5,9,2,8,0,-3,-8,-7,-6,15,18,0,-34,-19,-16,-20,-36,-36,-31,-10,-6,9,-17,-48,-15,89,86,-8,10,8,-16,40,-52,-14,-7,-3,9,-33,-42,-17,-14,14,5,20,29,-1,28,22,-81,-86,50,-42,-35,-70,-37,-33,3,26,30,91,65,-50,-41,8,-60,-51,-57,24,-55,19,-4,-20,-5,-16,0,0,0,0,0,0,0,0,0,0,0,0,0,0,0,0,0,0,0
0,0,0,0,0,0,0,0,0,0,0,0,0,0,0,0,-15,-35,-3,-10,8,4,0,5,-5,-6,3,-9,-15,-15,-9,-16,7,9,16,9,7,8,-17,-6,-11,-9,-33,-21,5,-11,6,15,31,23,1,7,-8,-11,-11,-19,-22,-28,-30,-17,-27,-30,-23,-10,-8,-6,6,10,17,13,-4,-6,-15,-20,1,10,19,21,8,13,20,21,-3,-16,-16,8,-19,-9,-7,-8,6,3,-5,-8,-19,-25,-16,-30,-35,-8,5,12,24,16,21,23,19,13,15,16,19,9,5,6,8,0,3,-1,-6,-2,0,0,-1,-1,-3,0,5,12,10,4,0,4,3,-11,-10,-4,-3,-1,-8,19,17,-19,-37,-23,4,13,10,16,17,27,30,7,-28,-6,-6,59,63,-64,21,45,-45,6,92,-50,20,33,21,39,-7,-24,11,-3,-9,-36,-37,54,30,40,63,-52,39,87,-28,-45,-11,-55,-1,-21,-31,3,44,122,-8,-29,108,-42,5,2,7,-9,50,-14,-37,-155,0,0,0,0,0,0,0,0,0,0,0,0,0,0,0,0,0,0,0,0
7.34684e-40,0,0,0,0,9.18355e-41,0,0,0,0,0,0,0,0,0,0,0,-83,22,10,10,4,-12,-13,-1,5,-2,-9,-16,-20,-24,-28,-32,-26,-24,-4,2,13,18,33,14,0,-10,-4,-1,-24,-34,-25,-28,6,-4,0,12,16,22,13,13,20,26,8,-1,-6,-6,-2,-11,-2,2,-5,-10,-12,-12,-8,5,26,43,25,8,-10,-30,-5,-4,-15,-22,-15,10,14,26,29,26,28,32,31,27,23,14,19,15,-1,0,-10,-24,-12,-9,-17,-14,-18,10,-1,8,12,5,8,5,-9,-10,3,-3,2,-1,-2,3,-2,1,3,3,14,-8,-4,-6,-4,-1,-9,-3,0,3,10,19,28,10,15,-13,-42,-3,10,12,19,15,14,3,-3,4,4,-14,-2,-14,-21,-43,-8,33,17,9,-61,55,24,3,26,-24,-8,6,8,55,22,-45,-34,-7,36,5,78,81,-112,-58,-54,19,33,81,-15,68,123,59,-24,-34,-36,-3,-22,-7,-8,8,-10,48,22,-9,12,-62,0,0,0,0,0,0,0,0,0,0,0,1.0842e-19,0,0,0,0,0,0,0,0,0
1.50463e-36,0,0,0,0,0,0,0,0,0,0,0,0,0,0,0,0,-154,-13,-8,-30,-29,-17,-15,0,14,11,7,8,12,-1,4,-27,-25,-22,-22,-19,-38,-8,-40,-22,-20,-8,-12,-19,16,35,17,3,-28,-29,-13,-13,-22,-8,11,-4,-10,-8,7,13,22,30,25,38,31,-20,-20,-14,-8,1,20,34,23,-8,-62,-62,-40,-45,-9,-10,-13,3,30,13,-30,7,-1,-20,-30,-26,-14,-26,-15,-15,-28,-14,-25,-29,-21,-11,1,27,22,-2,-28,6,3,5,-6,-4,-3,-3,-5,2,2,2,-3,-15,7,15,11,5,1,0,11,-17,-16,-15,-2,2,0,1,-12,-17,-9,10,11,-40,-25,14,27,21,-16,-12,-2,-19,-4,-13,-20,5,-3,-34,-39,-43,4,-25,-40,-24,-8,56,64,4,9,-76,19,57,39,56,-67,-42,-18,-24,7,-82,-81,-71,-17,72,-21,-60,102,24,46,10,1,10,-34,-7,-60,-22,-35,-48,-11,8,33,4,23,-6,-19,-10,24,0,0,0,0,0,0,0,0,0,0,0,0,0,0,0,0,0,0,0,0,0,0
0,0,0,0,0,0,0,0,0,0,0,0,0,0,0,0,0,0,20,15,9,6,12,12,-9,-1,11,3,7,18,22,15,25,26,15,15,19,22,3,4,16,19,30,28,25,28,-8,11,14,4,-3,-26,-36,-22,-36,-34,-24,-11,10,-8,-2,-11,-5,-4,-16,-18,-28,-3,1,21,28,10,0,-36,-60,-26,7,12,33,-3,-2,20,24,-11,-40,-46,-7,-15,-5,-6,-16,-19,-14,-10,-5,16,14,16,5,-14,-16,-12,-10,-6,18,51,12,12,19,17,-9,-5,9,20,6,5,-2,-2,9,-12,-25,-16,-10,-12,-11,-13,-6,0,-3,-5,-11,-6,-11,-17,4,11,-5,-25,-15,-24,-15,-19,-30,-20,-3,-16,-9,-3,13,20,6,11,20,71,33,0,24,-54,-31,-26,-77,-66,-21,2,-7,87,67,37,73,53,46,50,110,124,90,69,29,49,46,111,15,-7,0,-11,-39,-15,-21,-29,-22,-4,0,10,11,15,5,-10,-14,-13,-5,8,8,0,0,0,0,0,1.14794e-41,0,0,0,0,0,0,0,-0,0,0,0,0,0,0,0,0,0
0,0,0,0,0,0,3.85186e-34,0,0,0,0,0,0,0,0,0,0,0,-175,2,4,-5,-13,-12,3,0,-8,0,-3,-7,-9,-9,-3,1,-3,0,1,-3,2,-24,0,0,-4,-13,-20,-13,-3,0,-2,12,27,26,27,17,25,21,12,6,7,-14,-10,-10,-17,-15,-9,1,-14,9,14,1,-11,-32,-44,-28,19,22,21,17,17,1,2,-5,-3,-7,1,12,-4,2,3,14,27,36,29,27,13,1,1,-1,1,20,9,-1,-13,-23,-35,-46,0,-10,-8,5,24,10,-3,2,-2,3,-2,-1,11,5,-4,1,1,4,-3,0,1,3,1,1,-3,-4,-1,-20,-16,-35,-47,-50,-22,-38,-47,-37,-28,-1,4,3,-7,-2,6,-15,-1,10,29,3,-13,-17,5,-36,-6,36,62,29,39,36,9,43,3,-29,9,23,54,34,34,-21,-9,13,2,-4,-72,-75,-27,-46,-25,-16,-33,-32,-4,6,5,7,1,-1,-2,-16,-13,1,13,22,-43,-84,0,0,0,0,0,0,0,0,0,0,0,0,0,0,0,0,0,0,0,0,0,0,0,0
0,0,0,0,0,0,0,0,0,0,0,0,0,0,0,0,2.00024,0,-212,-17,-7,1,2,-3,-11,-12,2,-3,-10,-25,-23,-12,-16,-17,-28,-33,-43,-33,-32,-19,-17,-9,1,-5,6,8,-1,4,-4,-4,-1,-8,5,10,4,1,4,-1,-4,9,9,10,-6,-9,4,18,19,9,5,-9,-13,8,19,28,18,17,0,0,5,-7,-3,-5,-12,3,17,11,17,13,16,16,5,-9,0,26,21,28,28,24,26,15,7,10,14,17,8,0,-26,-27,-38,-33,3,0,-19,-2,-6,2,0,4,2,5,12,6,5,7,7,6,5,8,3,11,3,9,10,12,15,22,25,39,37,49,44,33,26,11,-13,-18,-20,-9,-13,-2,5,-7,-32,-50,-42,0,31,19,53,18,-42,-33,-30,-58,-83,-117,-95,-91,-85,-109,-107,-116,-85,-81,-52,-40,-78,-50,-36,2,26,3,1,11,18,26,-76,0,0,0,0,0,0,0,0,0,0,0,0,0,0,0,0,0,0,0,0,0,0,0,0,0,0,0,1.0842e-19,0,0,0,0,0,0,0,0,0
0,0,0,0,0,0,0,0,0,0,0,0,0,0,9.40395e-38,0,0,0,-310,-20,-33,-27,-12,6,0,-6,6,11,18,20,9,-14,-4,4,-6,10,7,-18,-25,13,10,19,1,-1,-8,-10,-21,-4,3,8,18,1,6,12,0,2,0,6,13,8,14,7,6,3,6,3,5,-3,2,0,7,16,4,-19,-12,4,-7,-28,-4,6,19,20,33,46,42,22,32,12,-3,-16,-14,-18,-22,-20,-14,-11,-8,6,13,20,24,19,16,-2,-11,-14,18,16,5,-16,-20,13,21,12,11,8,7,9,4,5,9,2,2,-5,3,2,5,3,6,3,5,9,10,22,21,22,22,16,9,6,15,32,37,41,43,61,53,22,-10,-2,19,7,20,15,-7,-15,-31,-43,-39,-43,-20,-12,-6,-12,44,50,30,5,2,-2,7,9,7,0,0,-3,-3,21,2,-21,11,8,6,-95,-84,-177,0,0,0,0,0,0,0,0,0,0,0,0,1.43493e-42,0,0,0,0,0,0,0,0,0,0,0,0,0,0,0,0,0,0,0,0,0,0,0,0,0
0,0,0,0,0,0,0,0,0,0,0,0,0,2.24208e-44,0,0,0,0,0,-102,39,20,2,-3,7,9,2,9,20,41,30,17,29,25,8,24,16,-13,-4,17,-1,-3,-22,-33,-29,-23,21,12,1,9,5,-6,0,0,7,7,11,7,-6,6,-8,-13,-6,6,7,10,-19,-13,11,13,16,-11,-3,33,12,-3,-2,11,20,34,32,17,-6,-11,-22,-41,-16,-22,-24,-10,-1,2,-1,-4,8,13,8,-11,-25,-28,-19,17,31,30,37,56,26,8,1,-4,-21,-1,22,3,7,10,10,3,2,14,20,17,13,21,12,17,22,17,9,11,16,9,12,6,-2,-3,-4,-6,-3,-4,-2,-17,-44,-60,-44,-26,10,-5,-39,-38,-54,-62,-26,25,12,31,31,46,50,44,28,-1,-29,-31,17,12,20,21,33,33,13,-9,-28,7,29,36,22,24,27,3,0,0,0,170,1.79366e-43,0,0,0,0,0,1.12104e-44,0,0,0,0,0,0,0,5.60519e-45,0,0,0,0,0,0,0,0,0,0,0,0,0,0,0,0,0,0,0,0,0,5.60519e-45,0,0,0
0,0,0,0,0,0,0,0,0,0,0,0,0,0,0,0,0,0,0,0,34,33,31,20,25,20,8,-8,-12,-4,11,32,9,5,-7,6,-2,2,79,12,7,9,2,10,40,25,16,15,4,-3,4,3,-4,-3,-3,1,3,1,-11,4,6,0,2,5,3,10,18,12,0,-23,0,-6,-4,18,0,2,23,28,15,-26,-35,-43,-50,-48,-38,-46,-8,-4,17,27,23,16,30,54,14,-16,-25,-17,-6,-1,-9,-26,-35,-33,-10,6,60,40,34,23,0,-4,-10,-7,-5,-7,-5,-7,0,-12,-15,-13,-7,-15,-6,-4,-17,-14,-14,-8,-8,-10,-5,7,8,1,-2,-4,-10,-18,-10,-6,-20,1,16,4,0,43,48,65,64,38,52,48,46,42,40,20,-6,-14,-20,-15,-3,-7,5,-15,12,-17,-39,-7,31,38,13,44,22,12,30,45,2,0,0,-0,0,0,0,0,0,0,0,0,1.14794e-41,0,0,0,0,0,0,0,1.5061e-36,0,4.48416e-44,0,0,0,0,0,0,0,0,0,0,0,0,0,0,0,0,0,0,0,0,0,2,0
0,0,0,0,0,0,0,0,1.0842e-19,0,0,0,0,0,0,0,0,0,0,2.52435e-29,1,-22,-10,-3,-3,-8,-5,7,-4,-5,-3,1,9,25,24,16,-18,-35,50,-10,-1,16,18,11,9,-10,-11,-2,-10,-6,5,-8,8,8,-5,-12,-1,-7,-7,-13,8,21,12,-1,-8,-10,-2,-5,-15,-41,0,34,-5,-29,-28,-11,-32,-57,-33,-15,-27,-18,-4,-3,-3,4,7,-1,-6,-12,-13,3,-7,-35,-27,-21,-13,-6,0,-22,-32,-26,-34,-51,-59,-76,-45,-19,3,-4,4,2,-7,14,9,10,3,1,8,-3,-5,1,1,10,7,0,8,11,3,4,1,9,1,-11,-11,-15,-13,2,9,8,17,27,24,34,34,-30,1,44,13,1,43,29,20,-13,-22,-45,-40,-43,-43,-16,-4,19,44,18,13,27,34,33,33,37,20,11,20,23,27,-65,-172,0,0,0,0,0,0,0,0,0,0,0,0,0,-0,0,0,0,0,0,1.46937e-39,0,0,0,0,0,0,0,0,0,1.46937e-39,0,0,0,0,0,0,0,2,2.86986e-42,5.73972e-42,0,0,0,0,0,0,0
1.17549e-38,0,0,0,0,0,0,9.40395e-38,0,0,-0,0,0,3.85186e-34,0,0,9.40395e-38,0,0,0,-177,-10,-29,-36,-27,-29,-21,-6,-5,-28,-33,-28,-29,-6,-17,-8,-6,-23,-10,17,15,8,-11,-16,-27,-11,21,2,-3,-6,-16,-16,-2,-1,-10,-5,-8,3,27,-35,-24,-44,-37,-12,-27,-10,3,-34,-14,6,1,-20,-23,-4,7,-8,1,26,20,17,30,31,23,14,17,14,19,20,30,30,17,-14,-32,-18,-2,6,-2,-7,-12,-1,36,29,23,36,13,-3,-57,-59,-26,1,-5,12,29,-18,-4,-4,-9,-7,-12,0,1,-4,-3,-5,-1,-12,-1,6,4,2,-13,-18,-24,12,4,15,22,18,6,15,14,16,6,-3,11,23,24,-85,-43,-17,-30,-44,-40,-25,-19,-22,-28,-25,-4,2,4,-10,-6,7,14,18,16,6,-11,-33,-27,-21,-12,0,0,0,1.50463e-36,0,0,0,0,0,0,0,5.73972e-42,0,0,0,0,0,5.73972e-42,0,0,0,0,0,0,0,-0,0,0,0,0,0,0,0,0,0,0,0,0,0,0,0,0,0,7.17465e-43,0,0,0,0,0,2.35099e-38,0
0,0,0,5.60519e-45,0,0,1.4013e-45,0,0,0,0,0,0,1.0842e-19,0,0,0,0,0,0,0,-28,-15,-9,0,2,-4,-19,-21,-6,-12,-27,-25,-31,-27,-10,-3,-11,-4,3,9,24,21,20,23,18,10,7,11,11,10,-5,-8,-3,-1,-7,-26,-27,-22,-1,-3,-6,2,0,-11,-7,-24,-5,12,-6,-10,17,29,25,18,19,21,20,10,9,2,-13,-22,-17,-9,14,12,7,-8,-13,-10,-3,4,9,10,8,11,11,10,3,8,2,16,39,26,13,48,28,15,16,13,10,-4,-11,5,8,8,4,10,3,-6,4,-4,4,0,-9,6,0,1,-3,-4,8,9,-1,8,-3,-11,-13,-5,10,-7,-22,17,19,13,9,22,-34,-35,-23,-25,-40,-43,-4,-7,4,16,22,1,-4,7,7,-1,2,-10,-13,-23,-22,-24,-25,-8,0,0,0,0,0,0,0,0,0,0,0,0,0,0,0,0,0,0,7.17465e-43,0,0,0,0,0,0,0,1.50463e-36,0,0,0,0,0,0,0,0,0,0,0,0,0,0,0,0,0,0,0,0,0,0,0,0,0,0
0,0,2.24208e-44,0,0,3.85186e-34,0,0,-0,0,0,1.50463e-36,0,0,0,0,0,0,0,0,0,-10,-4,-4,-13,-6,-9,-13,-6,1,10,10,-9,-13,21,30,9,4,-7,-5,-9,-12,-13,-7,-6,-10,-15,-8,-6,9,11,11,-5,-11,10,32,18,3,6,33,14,11,33,15,16,26,32,11,25,29,32,24,12,-8,-14,-15,-19,-31,-39,-32,-33,6,51,81,62,41,-20,-5,-10,-16,-12,-4,2,2,-2,-3,5,3,3,-15,-13,-39,-19,15,-13,-16,11,3,7,5,-8,-12,-11,-10,-2,-3,-3,-5,0,3,3,-7,0,0,-11,-3,-22,-11,-5,1,-2,0,-2,-11,-1,6,-1,-6,0,18,-11,-40,-11,0,-13,-15,38,-54,-58,-6,37,23,-20,-10,8,18,7,7,17,25,25,10,-3,-7,-13,-25,-24,-25,-15,18,0,0,0,0,2,0,3.85186e-34,0,0,0,0,0,0,0,0,0,0,0,0,0,0,0,-0,0,0,2.35099e-38,0,0,0,0,0,0,0,0,0,0,0,0,0,0,2.35099e-38,0,0,0,0,0,0,0,0,1.17549e-38,3.58732e-43,0,1.43493e-42,0
0,0,0,0,0,0,0,0,0,0,0,0,0,0,0,0,0,0,0,0,0,3,16,16,19,8,12,22,19,6,7,21,27,9,10,-2,-20,-3,-2,20,15,9,6,19,16,11,-7,0,-6,-11,-10,-8,16,14,-2,12,15,19,19,37,33,39,30,-1,-19,-10,12,-15,-6,-7,0,-15,-20,-1,-2,5,5,5,24,29,38,44,19,-22,-37,-37,-26,-8,-3,-5,0,2,2,-5,-7,-9,-1,-7,-6,-19,-13,-26,-23,-9,-27,-23,35,-5,-2,-9,-36,-21,2,2,3,7,-3,1,6,-5,-8,1,2,1,6,6,-8,-3,3,4,10,10,9,17,9,1,6,4,-4,0,3,-7,-7,11,9,2,27,7,19,39,19,16,11,25,11,-10,-8,2,0,-13,-13,-23,-21,-17,-12,-6,4,11,44,0,0,0,0,0,0,0,0,0,0,1.44614e-42,0,0,0,0,0,0,0,0,0,0,0,0,0,0,0,0,0,0,0,2.29589e-41,0,0,0,0,0,0,0,0,0,0,0,0,0,0,0,0,0,0,0,0,0,0,1.14794e-41,0
0,0,0,0,0,0,0,0,0,7.34684e-40,0,0,0,0,0,0,0,0,0,0,0,-7,3,12,12,10,5,8,4,4,3,-2,18,4,-4,1,5,28,17,9,16,8,5,-3,-9,-21,-13,-12,-10,-16,-12,10,11,9,-3,8,21,24,24,23,-10,-11,27,46,4,-38,9,8,1,-32,-43,-14,-5,-12,-6,-6,-8,-7,-42,-46,-52,-85,-116,-122,-101,-74,-91,-83,-84,-81,-88,-87,-78,-12,-13,-9,-11,-1,-11,1,16,5,8,-5,-2,0,29,-10,-11,1,-6,-16,-7,-9,-9,-10,-4,-7,-1,-4,-5,4,10,15,12,23,17,17,11,-1,-1,1,11,7,-12,-22,-10,-3,-4,-13,1,9,-2,3,4,-10,-6,14,26,39,-6,-15,-3,15,15,6,-14,-16,-16,-23,-22,-12,-6,4,6,6,12,-55,0,359,0,0,0,0,0,0,0,0,0,0,0,0,0,0,0,0,0,0,0,0,0,0,2.86986e-42,0,0,0,0,0,0,0,0,0,0,0,0,0,0,0,0,0,0,0,0,0,0,0,0,0,0,0,0,0,0,0
0,0,3.58732e-43,0,0,0,0,0,0,0,0,0,0,0,0,0,0,0,0,0,0,-4,12,7,3,4,6,5,6,8,8,10,-10,-4,3,3,5,-5,-11,-28,-11,-10,-15,-15,-15,-7,9,6,9,30,22,8,-15,-7,12,1,12,-5,-32,-58,-68,-62,-49,4,41,28,-2,28,40,10,4,10,3,7,0,-1,13,-49,0,0,0,0,0,0,0,0,0,0,0,0,0,2,0,-130,7,0,-6,-15,-20,-5,-4,18,6,3,10,4,-41,-29,-23,-9,24,25,14,-2,-10,-18,-21,-19,-27,-11,-8,-6,-4,-7,-6,10,-24,-15,-8,0,3,-2,-5,0,0,8,10,12,11,1,17,16,-9,0,-2,-13,2,4,-4,17,-23,-31,-40,-17,18,12,-12,-9,-10,-4,12,9,9,-3,-7,6,-191,0,0,0,0,0,0,0,0,0,0,0,0,0,0,0,0,0,0,0,0,0,0,0,0,0,1.50463e-36,0,0,0,0,0,0,0,0,0,0,0,0,0,0,-0,0,0,0,0,0,0,0,0,0,0,0,0,0,0,1.79366e-43,0
9.40395e-38,0,0,0,0,0,1.50463e-36,0,0,0,0,0,0,0,0,0,0,0,0,0,0,-63,2,11,18,19,20,21,26,13,5,7,27,27,17,10,-6,-5,13,-7,-3,-20,-17,1,13,15,22,14,22,6,-3,-22,-3,14,20,4,-8,-18,-15,-5,-5,-1,-29,-67,-11,32,1,7,3,0,4,-2,-6,-4,-23,-97,0,0,0,0,1.0842e-19,0,0,0,0,0,0,0,1.43493e-42,0,0,0,0,0,0,-99,-90,-85,3,42,39,21,7,-6,1,-19,6,18,9,-2,14,24,22,11,4,-3,10,17,10,14,24,13,13,-4,5,-8,6,20,12,12,2,-4,-3,-6,0,2,6,-8,-8,5,12,-5,-10,5,7,9,10,11,2,34,32,5,-23,-10,-4,5,6,3,-4,-14,4,1,13,36,-113,0,0,0,0,0,0,0,0,0,0,0,0,0,0,7.17465e-43,0,0,0,0,0,0,0,0,0,0,2.35128e-38,0,0,0,0,0,0,0,0,0,9.40395e-38,0,0,0,0,0,0,0,5.91908e-42,0,0,0,0,0,0,0,0,0,0,0,0,0,0,0
0,0,0,1.50463e-36,0,0,0,0,0,0,0,3.85186e-34,0,0,0,0,0,0,0,0,0,0,-46,0,2,2,-11,-8,6,9,16,19,13,-7,-2,11,18,-5,-19,-4,-2,-3,4,24,19,5,-8,-6,-1,-22,-19,14,37,6,-35,-22,-20,-17,8,-41,-13,-20,-7,-31,-32,19,9,15,2,-13,-7,1,0,0,0,0,0,0,0,0,0,0,0,0,0,0,0,0,0,0,0,0,0,0,0,0,0,136,0,0,0,9,2,8,19,26,1,6,22,22,-3,-8,-8,38,29,22,19,29,16,17,17,-5,-11,-12,-4,10,-10,-13,-7,-19,-21,-1,13,7,9,1,3,-12,-21,3,1,-15,-13,-14,-24,-18,0,-17,-43,-31,21,26,11,6,-8,-4,-1,-1,4,12,8,14,29,3.58732e-43,0,0,0,0,0,0,0,3.85186e-34,0,0,0,0,0,0,0,0,0,0,0,0,0,0,0,0,0,0,0,0,0,0,0,0,0,0,0,0,0,0,0,0,0,0,0,0,0,0,0,0,0,0,0,0,0,0,0,0,0,0,0,0
0,0,0,0,0,0,0,0,0,0,0,0,0,0,0,0,0,0,0,0,0,0,0,-38,-16,-12,-3,-14,-17,-16,-35,-21,-42,-36,-14,10,13,-9,-29,21,17,10,-2,3,1,0,-8,-17,-6,1,6,13,-14,-29,-34,-19,-5,-5,-11,4,28,20,33,7,-14,26,12,31,-86,-130,-125,0,0,0,0,0,0,2.8026e-45,0,0,0,0,0,0,0,0,0,0,0,0,0,0,0,0,0,0,2.35558e-38,0,0,0,0,0,-177,-163,-120,0,13,-2,-16,-28,-18,-14,-17,-9,2,9,-3,-9,-5,-6,-13,0,-4,-2,-1,4,-5,-6,-2,0,1,8,14,7,5,6,24,12,1,4,3,7,9,9,10,33,0,-12,-5,-37,-42,-4,4,19,4,-9,-17,-8,4,4,5,8,0,0,0,0,0,0,0,0,0,0,0,0,0,0,0,0,0,0,0,0,0,0,0,0,0,0,0,0,0,0,0,0,0,0,0,0,0,0,0,0,0,0,0,0,0,0,0,0,0,0,0,2.8026e-45,0,0,0,0,0,0,0,0,0,0
0,0,0,0,0,0,0,0,4.59177e-41,0,0,0,0,0,0,0,0,0,0,0,0,0,0,-96,-54,-22,-44,-36,-32,-33,-32,-28,-28,-34,-37,-33,-24,-14,-19,38,14,-8,-12,-8,0,6,2,-8,13,9,-8,-18,-29,-6,22,27,-5,-9,6,24,4,24,1,-2,-58,-104,-175,0,0,0,0,0,0,0,0,0,0,0,0,0,0,0,0,0,0,0,2.94017e-39,0,3.58732e-43,0,0,0,0,0,0,0,0,0,0,0,0,0,0,0,0,0,-146,-64,-68,-51,-1,-5,-11,-26,-5,3,-6,-15,-12,-19,-9,-7,10,6,2,-10,2,1,-5,-8,-12,-15,-21,-12,-15,-14,-1,10,13,14,13,9,14,3,6,0,17,26,34,6,-23,-16,-23,-2,4,12,16,23,11,8,-36,-338,1.0842e-19,0,0,0,0,0,0,0,0,0,0,0,0,0,0,0,0,0,0,0,0,0,0,0,0,0,0,0,9.18355e-41,0,0,0,0,0,0,0,0,0,0,0,0,0,0,0,0,0,0,0,0,0,0,0,0,0,0,0,0,0,0,0,0,0
0,0,0,0,0,0,0,0,0,0,0,0,0,0,0,0,0,0,0,0,0,0,0,0,-70,11,10,3,8,1,3,3,2,4,8,14,28,35,49,-8,-1,-5,1,8,0,-8,6,3,2,0,0,14,19,11,-10,-11,-7,2,-7,17,18,-7,-28,-29,0,0,0,0,0,0,0,0,4.59177e-41,0,0,0,0,0,0,0,0,0,0,0,0,0,0,0,0,0,0,0,0,1.50463e-36,0,0,0,0,0,0,0,0,0,0,2.52435e-29,0,0,0,0,16,-48,-2,-5,0,-5,-9,-8,-12,-16,-11,-15,-17,-29,-20,-15,-5,-7,-6,-5,-4,1,1,1,-8,-17,-19,-15,-5,-7,-11,-4,-16,-16,1,-1,-22,-14,12,5,16,23,3,-10,14,23,26,26,31,11,-67,-35,0,0,0,0,0,0,0,0,0,0,0,0,0,0,0,2,0,0,0,0,0,0,0,0,0,0,0,0,0,0,0,7.17465e-43,0,0,0,0,0,0,0,0,0,0,0,0,0,0,0,0,0,0,0,0,0,0,0,0,0,0,0,0,0,0,0
0,0,0,0,0,0,0,0,0,0,0,0,0,0,0,0,0,0,0,0,0,2.86986e-42,0,0,-8.96831e-44,-58,19,4,11,6,4,6,16,24,39,41,30,11,-9,-12,-20,-19,-7,-6,-6,-6,-13,-6,11,0,4,5,-12,-18,-19,-5,5,12,22,7,-4,-83,0,0,8.96831e-44,0,0,0,0,0,0,0,0,0,0,0,0,0,0,0,2.8026e-45,0,0,0,0,0,0,0,0,0,0,0,0,0,9.40395e-38,0,0,0,0,0,0,0,0,0,2.52435e-29,0,0,0,0,0,-225,-36,11,-13,-18,-14,-5,-3,-13,-5,1,-6,5,-4,-6,-11,-4,-3,-4,3,3,8,6,1,5,13,3,7,4,-10,-24,-16,-8,10,21,0,15,15,-18,-14,22,2,11,15,2,-15,-16,-6,6,-296,0,0,0,0,0,0,0,0,0,0,0,0,0,0,0,0,0,0,0,0,0,0,0,0,0,0,0,0,0,0,0,0,0,0,0,0,0,0,0,0,0,0,0,0,0,0,0,0,0,0,0,0,0,0,0,0,0,0,0,0,0,0,0,0
0,0,0,0,0,0,0,0,0,0,0,0,0,0,0,0,0,0,0,0,0,0,0,0,0,0,-81,7,8,11,15,26,21,23,8,-21,-31,-39,-47,-16,-1,9,-9,-17,6,33,19,-6,-8,-15,-14,-16,-16,-10,8,28,39,26,22,-30,-57,0,0,0,0,0,0,0,0,0,0,0,0,0,0,0,0,0,0,0,2,0,0,0,0,0,0,0,0,0,0,0,0,0,0,0,3.85186e-34,0,0,0,0,0,0,0,0,0,0,0,0,0,0,0,-77,-2,-7,11,16,14,24,26,29,30,27,19,8,2,-8,-4,-4,-8,-17,-7,-4,3,30,22,-7,-19,2,5,19,11,-4,8,0,-22,-3,-8,16,20,12,15,-22,-9,-27,-28,-21,-22,-139,0,0,0,0,0,0,0,0,0,0,0,0,0,0,0,0,0,0,0,0,0,0,0,9.40395e-38,0,4.60971e-41,0,0,0,0,0,0,0,4.48416e-43,0,0,0,0,0,0,0,0,0,0,0,0,0,0,0,0,0,0,0,0,0,-0,0,0,0,0,0,0,1.50463e-36,0,0
0,0,0,0,0,0,0,0,1.50463e-36,0,0,0,0,0,0,0,0,0,0,0,0,0,3.92364e-44,0,2.35099e-38,0,0,26,29,23,20,19,9,4,-13,-15,-7,9,10,13,-9,-25,1,25,28,11,-13,-18,-8,-3,-5,-11,17,32,22,1,-17,-19,-31,-33,0,0,0,0,0,0,0,0,0,0,0,0,0,0,0,0,0,0,0,0,0,0,0,0,0,0,0,0,0,0,0,0,0,0,0,0,1.83671e-40,0,0,0,0,0,2,0,0,0,0,0,1.12104e-44,0,0,0,1.79366e-43,-46,22,19,29,31,19,14,14,-2,-4,-1,5,21,18,9,3,10,10,11,17,14,-8,-15,-12,1,-15,-13,22,18,32,4,10,17,0,10,-5,-20,-6,-1,8,12,-12,-25,-15,33,7.17465e-43,0,0,0,0,0,0,0,0,0,0,0,0,0,0,0,0,0,0,0,0,2.35099e-38,0,0,0,0,0,0,0,0,0,0,0,0,0,0,0,0,0,0,0,0,0,0,0,0,0,0,0,0,3.85186e-34,0,0,0,0,0,0,0,0,0,0,0,0,0,0,0
0,0,0,0,0,0,0,0,0,0,0,0,0,0,0,0,0,0,0,0,0,0,0,0,0,0,268,0,-83,3,-19,-21,-23,-11,-3,6,7,-1,-6,-42,1,34,35,25,-7,-21,-18,5,10,6,5,24,31,24,8,-18,-28,-10,-63,0,0,0,0,0,0,0,0,0,0,0,0,0,2,2,0,2.86986e-42,0,0,0,0,0,0,0,0,0,0,0,0,0,0,0,0,0,0,0,0,0,0,0,0,0,0,1.12104e-44,0,7.17465e-43,0,0,0,0,0,1.83671e-40,0,0,0,-207,-14,-23,-19,-18,-11,-11,-8,-5,-5,-1,-8,1,4,9,14,23,11,14,-18,-24,-28,-10,14,19,-4,-29,-35,12,-6,-15,-14,-7,-10,0,0,2,0,-10,-4,-4,6,39,0,0,0,2.35099e-38,0,0,0,0,0,0,0,0,0,0,0,0,0,0,0,0,0,0,0,0,0,0,0,0,0,0,0,0,0,0,0,0,0,0,0,0,0,0,0,0,0,0,0,0,0,0,0,0,0,0,0,0,0,0,0,0,0,0,0,0,0,0,0
0,0,0,0,0,0,0,0,0,0,0,0,0,0,0,0,0,0,0,0,0,0,0,0,0,0,0,0,0,-275,-10,-10,-12,-26,-23,-29,-26,-9,-8,58,41,28,-1,-25,-17,1,8,9,0,-6,4,19,-15,-20,-6,6,22,-30,0,0,0,0,0,0,0,0,0,0,0,0,0,0,9.40395e-38,0,0,0,0,0,3.85233e-34,0,0,0,0,0,0,0,1.4013e-45,0,0,0,0,0,0,0,0,0,0,0,0,0,0,0,0,0,3.85186e-34,0,0,0,0,0,7.17465e-43,0,0,0,0,-156,-21,-21,-23,-21,-18,-12,-4,-2,5,-4,8,9,10,12,1,-3,-7,-1,3,-9,-10,-19,-25,-7,-15,-28,18,24,1,-9,8,-26,3,22,-2,-2,-34,-10,3,38,0,0,0,0,0,0,0,0,0,0,0,0,0,0,0,0,0,0,0,0,0,0,0,0,0,0,0,0,0,0,0,0,0,0,0,0,0,0,0,0,0,0,0,0,0,0,0,0,0,0,0,0,0,0,0,0,0,0,0,0,0,0,0,0,0,0,0,0
0,0,0,0,0,0,0,0,0,0,0,0,0,0,0,0,0,0,0,0,0,0,0,0,0,0,0,0,0,0,-208,8,-6,1,8,20,31,37,48,9,-20,-30,-27,-18,-13,-2,-26,-19,-22,0,17,0,5,11,-23,-116,-113,0,0,0,0,0,0,0,1.43493e-42,0,0,0,0,0,0,0,0,0,0,0,0,0,0,0,0,0,0,0,0,0,0,0,0,0,0,0,0,0,0,0,2,0,0,0,0,0,0,0,0,0,0,0,0,0,0,0,0,0,0,0,-145,18,0,-7,-9,-17,-22,-19,-25,-17,-17,-21,-20,-19,-16,-10,-1,14,19,21,16,5,-4,4,6,-4,6,8,-1,-17,15,-12,8,7,-19,-2,-10,2,8,25,0,0,1.0842e-19,0,0,0,0,2.24208e-44,0,0,0,0,0,0,0,0,0,0,0,0,0,0,0,0,0,0,0,0,0,0,0,0,0,0,0,0,0,0,0,0,0,0,0,0,0,0,0,0,0,0,0,0,0,0,0,0,0,0,0,0,0,0,0,0,0,0,0,0
0,0,0,0,0,0,0,0,0,0,0,0,0,0,0,0,0,0,0,0,0,0,0,0,5.73972e-42,0,0,0,0,0,0,0,57,33,32,20,6,-21,-26,-25,-19,-12,4,-4,-3,-13,2,23,41,36,14,2,0,0,9.40395e-38,134,3.85186e-34,0,0,0,0,0,0,0,0,0,0,0,0,0,0,0,0,0,0,0,0,0,3.58732e-43,0,1.43493e-42,0,0,0,0,0,2.52435e-29,0,0,0,0,0,3.67342e-40,0,0,0,0,0,0,0,0,0,0,0,0,0,0,0,0,2,0,0,0,0,0,0,0,0,37,22,26,24,26,22,17,18,6,6,-5,-9,-17,-19,-21,0,-3,-1,-7,-2,-1,10,15,13,-23,-18,-10,-10,-14,-35,0,-1,-20,6,17,17,29,-298,0,0,4.59177e-41,0,0,0,0,0,0,0,0,0,0,0,0,0,0,0,0,0,0,0,0,0,0,0,0,0,0,0,0,0,0,0,0,0,0,0,0,0,0,2.52435e-29,0,0,0,0,0,0,0,1.43493e-42,0,0,0,0,0,0,0,0,0,0,0,0,0,1.4013e-45,0,0,0,0
0,0,0,0,0,0,0,0,0,0,0,0,0,0,0,0,2.86986e-42,0,0,0,0,0,1.17549e-38,0,2.8026e-45,0,0,0,0,0,0,0,0,-132,-148,-146,-128,-118,-116,-127,-120,-131,-123,-111,-101,-92,-81,-112,-137,-167,-172,0,0,0,1.12104e-44,0,0,0,0,5.73972e-42,0,0,0,0,0,0,0,0,0,0,0,0,0,0,0,0,0,0,0,0,4.48416e-44,0,0,0,0,0,0,0,0,0,0,0,0,0,0,0,0,0,0,0,0,0,0,0,0,0,0,0,0,0,0,0,0,0,0,0,2,0,1.12104e-44,-14,-16,-2,3,11,3,10,9,9,15,13,19,11,7,-15,-22,-21,-9,-2,0,4,2,1,-19,-18,-12,5,-13,-18,1,0,-5,4,14,8,-171,0,0,0,0,0,1.43493e-42,0,0,0,0,0,0,0,0,0,0,0,0,0,0,0,0,0,0,0,0,0,0,0,2.52435e-29,0,0,0,0,0,0,0,2.8026e-45,0,0,1.14794e-41,0,0,0,0,2.24208e-44,0,0,0,0,0,0,0,0,0,0,0,0,0,0,0,0,0,0,0,0,0,0,0
0,0,0,0,0,0,0,0,0,0,0,0,0,0,0,0,0,0,0,0,0,0,0,0,4.59177e-41,0,0,0,0,0,0,0,0,0,0,0,0,0,5.73972e-42,0,0,0,0,1.50463e-36,0,0,0,0,0,0,0,0,0,0,0,0,0,0,0,0,0,0,1.0842e-19,0,-0,0,0,0,0,1.43493e-42,2.29589e-41,0,0,0,0,0,0,0,0,0,0,0,0,0,0,0,0,0,0,0,0,0,0,0,0,0,0,0,0,0,0,0,0,0,0,0,0,0,0,0,0,0,0,0,0,0,0,0,0,-59,12,7,-3,-7,-2,-3,-10,-14,-17,-15,-15,-19,-32,-4,-12,-12,-2,5,-9,-5,-18,-17,-25,-6,-11,26,33,35,-2,-9,-9,-11,-15,21,0,0,0,0,0,0,0,0,0,0,0,2.52435e-29,0,0,0,0,0,0,0,0,0,0,0,0,0,0,0,0,0,0,0,0,0,0,0,0,3.58732e-43,0,0,0,0,0,0,0,0,0,0,0,0,0,0,0,0,0,0,0,0,0,0,0,0,0,0,0,0,0,0,0,0,0
0,0,0,2.35099e-38,0,0,1.43493e-42,0,0,0,0,0,0,0,0,0,0,0,0,0,0,2.8026e-45,0,0,0,0,0,0,0,0,1.43493e-42,0,0,0,0,0,0,0,0,0,0,0,0,0,0,0,0,0,0,0,0,0,0,0,1.43493e-42,0,0,0,0,4.59177e-41,0,0,0,0,5.73972e-42,0,0,0,0,0,0,0,0,0,0,0,0,0,0,0,3.85186e-34,0,0,0,0,0,0,0,0,0,0,0,0,0,0,0,1.50468e-36,0,0,0,0,0,0,0,0,0,0,0,0,0,0,0,0,0,0,1.50463e-36,0,0,3.67342e-40,0,-55,-16,-8,-9,-15,-17,-4,-4,1,-1,7,8,16,19,25,29,23,13,11,-3,7,13,22,14,9,1,-34,-27,-8,5,11,2,-2,0,0,0,0,0,0,0,0,0,0,0,0,0,2.86986e-42,0,0,0,0,0,0,0,0,0,2.35099e-38,0,0,0,0,0,0,0,2.86986e-42,0,0,0,0,0,0,0,0,0,0,0,0,1.14794e-41,0,0,0,0,0,0,0,0,0,0,0,0,0,1.46937e-39,0,0,0,0,0,0,0,1.0842e-19,0,0,0,0
0,0,0,0,0,9.18355e-41,2.24208e-44,0,0,0,0,0,0,0,0,0,0,0,0,0,0,0,1.12104e-44,0,3.58732e-43,0,5.87747e-39,0,0,0,0,0,0,0,0,0,0,0,0,0,0,0,0,0,0,0,0,0,0,0,0,0,0,0,0,0,0,0,0,0,0,0,-0,0,0,0,0,0,0,0,0,0,0,0,0,0,0,0,0,0,-0,0,0,0,0,0,0,0,0,0,0,4.59177e-41,0,0,0,0,0,0,0,0,0,0,0,0,0,0,0,0,0,2.86986e-42,0,0,0,0,0,0,0,0,0,0,0,-125,17,7,11,18,0,-1,2,0,-3,6,-1,-7,-14,-23,-30,-20,-16,-4,-3,0,6,10,9,12,14,12,4,-4,-1,-2,17,0,0,0,0,0,0,0,0,0,0,0,0,0,0,0,0,0,0,0,0,0,0,0,0,0,0,1.50463e-36,0,0,0,0,0,0,0,0,0,0,0,0,0,0,0,5.87747e-39,0,0,0,0,0,0,0,0,0,0,0,0,0,0,0,0,0,0,0,0,0,0,0,0,0,0,0,0
0,0,0,0,0,0,0,0,0,0,0,0,0,0,0,0,0,0,0,0,0,0,0,0,0,0,0,0,0,0,0,0,0,0,0,0,0,0,0,0,0,0,0,0,0,0,0,0,0,0,0,0,0,0,0,0,0,0,0,0,0,0,0,0,0,0,0,0,0,0,1.83671e-40,0,0,0,0,0,0,0,0,0,0,0,0,0,0,0,0,0,0,0,0,0,0,0,2.35099e-38,0,0,0,0,0,0,0,0,0,0,0,0,1.43493e-42,0,0,0,0,0,0,0,0,0,0,0,0,0,0,0,21,8,2,24,25,17,20,15,9,8,14,15,14,19,16,19,11,5,8,3,-1,-3,-2,0,1,2,1,-3,21,0,302,0,0,0,0,0,0,0,0,0,0,0,0,0,0,0,0,0,0,0,0,0,0,0,0,0,0,0,0,0,0,0,0,0,0,0,0,0,0,0,0,0,0,0,0,0,0,0,0,0,0,0,0,0,0,0,0,0,0,0,0,0,0,1.0842e-19,0,0,0,0,0,0,0
0,0,0,0,0,0,0,0,0,0,0,0,0,0,0,0,0,0,0,0,0,0,0,0,0,0,0,0,0,0,0,0,0,0,0,0,0,0,0,0,0,0,0,0,0,0,0,0,0,0,0,0,0,0,0,0,0,0,0,0,0,0,0,0,0,0,0,0,0,0,3.58732e-43,0,2.35099e-38,0,0,0,0,0,0,0,0,0,0,0,0,0,0,0,0,0,0,0,0,0,0,0,0,8.96831e-44,0,0,0,0,0,0,0,0,0,0,0,0,0,0,0,0,0,0,0,0,0,0,0,0,0,0,-3,-2,-5,-9,2,2,3,4,4,9,18,23,23,14,9,14,14,13,11,6,0,-1,-9,0,0,0,7,0,0,0,0,0,0,0,0,0,0,0,0,0,0,0,0,0,0,0,0,0,0,0,0,0,2.29589e-41,0,0,0,0,0,0,0,0,0,0,0,0,0,0,0,0,0,0,0,0,0,0,0,0,0,0,0,0,0,0,0,0,0,0,0,0,0,0,0,0,0,0,0,0,0,1.79366e-43,0
0,0,0,0,0,0,0,0,0,0,0,0,0,0,0,0,0,0,0,0,0,0,0,0,0,0,0,0,0,0,0,0,0,0,0,0,0,0,0,0,0,0,0,0,0,0,0,0,0,0,0,0,0,0,0,0,5.73972e-42,0,0,0,0,0,0,0,0,0,0,0,0,0,1.50463e-36,0,0,0,0,0,0,0,0,0,0,0,0,1.12104e-44,0,0,0,0,0,0,0,0,0,0,5.87747e-39,0,0,0,0,0,0,0,0,0,0,0,0,0,0,0,0,0,0,0,0,0,0,0,0,0,0,0,0,0,-82,5,-7,-6,-8,-9,-14,-13,-11,-21,-25,-27,-20,-8,5,0,-1,0,0,2,9,11,5,-2,-4,-15,-102,0,0,0,0,0,0,0,0,0,0,0,0,0,0,0,0,0,0,0,0,0,0,0,0,0,0,0,0,1.12104e-44,0,0,0,0,0,0,0,0,0,0,0,0,0,0,0,0,0,0,0,0,0,0,0,0,0,0,0,0,0,0,0,0,0,0,0,0,0,0,0,0,0,0,0,0
2.52435e-29,0,0,0,0,9.40395e-38,0,0,2.00201,0,0,0,0,0,2.35099e-38,0,7.17465e-43,0,0,0,0,0,0,0,0,0,0,0,0,0,1.46937e-39,0,0,0,0,0,0,0,0,0,0,0,0,0,0,0,0,0,0,0,0,0,0,0,0,0,0,0,0,0,0,0,0,0,0,0,0,0,0,0,0,0,0,0,0,0,0,0,0,0,0,0,0,0,0,0,0,0,0,0,0,0,0,0,0,0,0,0,0,0,0,0,0,0,0,0,0,0,0,0,0,0,2.24208e-44,0,0,0,0,0,0,0,0,0,2.93874e-39,0,0,0,23,7,10,16,20,26,29,17,10,-3,-15,-18,-24,-24,-27,-22,-22,-15,-16,-13,-1,4,-6,-22,0,0,0,0,0,0,0,0,0,0,0,0,0,0,0,0,2.52435e-29,0,0,0,0,0,0,0,0,0,0,0,0,0,0,0,0,0,0,0,0,0,0,0,0,0,0,0,0,0,0,0,0,0,0,0,0,0,0,0,1.0842e-19,0,1.79366e-43,0,0,0,0,0,0,0,0,0,0,0,0,0,0,0
0,0,0,0,0,0,0,0,0,0,0,0,0,0,2.35099e-38,0,0,0,0,0,0,0,0,0,0,0,0,0,0,0,0,0,3.85186e-34,0,0,0,0,0,1.43493e-42,0,0,0,0,0,0,0,0,0,0,0,0,0,0,0,0,0,0,0,0,0,0,0,0,0,0,0,0,0,0,3.58732e-43,0,0,0,0,0,0,0,0,0,0,0,0,0,0,0,9.40395e-38,0,0,0,0,0,0,2.93874e-39,0,0,0,0,0,0,0,0,0,5.73972e-42,0,1.12104e-44,0,0,0,0,0,0,0,0,0,0,0,0,0,0,0,5.73972e-42,0,0,0,0,0,2.52435e-29,-86,3,-6,-2,-3,-1,3,11,19,27,17,10,12,13,8,8,9,10,8,13,17,-111,0,0,0,9.40395e-38,0,0,0,0,0,0,0,0,0,0,0,0,0,0,0,0,0,0,0,0,0,0,0,0,0,0,0,0,0,0,0,2,0,0,0,0,0,0,0,0,0,0,0,0,2.86986e-42,3.67342e-40,0,0,0,0,0,0,8.96831e-44,0,0,0,0,0,0,0,0,0,0,0,0,0,0,0,0,0,0
0,0,0,0,0,0,1.50463e-36,0,0,0,0,0,0,0,0,0,3.85186e-34,0,0,0,0,0,2,0,0,0,0,0,0,0,0,0,0,0,0,0,0,0,0,0,0,0,0,0,0,0,0,0,0,0,0,0,0,0,0,0,0,0,0,0,0,0,0,0,0,0,0,0,0,0,0,0,0,0,0,0,0,0,2.86986e-42,0,1.79366e-43,0,0,0,0,0,0,0,0,0,0,0,0,0,0,0,0,0,0,0,0,0,0,0,3.58732e-43,0,0,0,0,0,0,0,2.93874e-39,0,0,5.73972e-42,0,0,0,0,0,0,0,0,0,0,1.14794e-41,74,-112,-3,-7,-17,-20,1,-7,-2,-3,6,14,11,11,10,6,4,4,3,10,0,0,0,0,0,0,5.73972e-42,0,0,0,0,0,0,3.85186e-34,0,0,0,0,0,0,0,0,0,0,1.0842e-19,0,0,0,0,0,0,0,0,0,2.35099e-38,0,0,0,0,0,1.50463e-36,0,0,0,0,0,0,0,0,0,0,1.79366e-43,0,0,0,0,0,0,0,0,0,0,0,0,0,0,0,0,0,0,0,0,0,0,0,0,0
0,0,0,0,0,0,0,0,9.40395e-38,0,0,0,0,0,0,0,0,0,0,0,0,0,2,0,0,0,0,0,0,0,0,0,0,0,0,0,0,0,0,0,1.4013e-45,0,0,0,0,0,0,0,0,0,0,0,0,1.43493e-42,0,0,0,0,0,0,0,0,0,0,1.4013e-44,0,0,0,0,0,0,0,0,0,0,0,0,0,0,0,0,0,0,0,0,0,0,0,0,0,0,0,0,0,0,0,3.85186e-34,0,0,1.46937e-39,0,0,0,0,0,0,0,0,0,2.35099e-38,0,0,0,0,0,0,0,0,0,0,0,0,2.35099e-38,0,0,0,0,0,-320,-106,10,3,-6,-15,-13,-12,-9,-6,-11,-6,-2,-2,11,9,-33,-139,0,0,0,0,0,0,0,0,0,2.29589e-41,0,0,0,0,1.14794e-41,0,0,0,0,0,0,0,4.48416e-44,0,0,1.69271e-36,0,0,0,0,0,0,0,0,0,0,0,0,0,0,0,0,0,0,3.67342e-40,0,0,0,0,0,0,0,0,0,0,0,0,0,0,0,0,0,0,0,0,0,0,0,8.96831e-44,0,0,0,0,0,0,0,0,0
0,0,0,0,0,0,0,0,4.59177e-41,0,0,0,0,0,0,0,0,0,0,7.17465e-43,0,0,0,0,0,0,0,1.14794e-41,0,0,0,0,0,0,0,0,0,0,0,0,0,0,0,0,0,0,0,0,7.17465e-43,0,0,1.50463e-36,0,0,0,0,1.83671e-40,0,0,0,0,0,0,0,0,0,0,0,0,0,0,0,7.17465e-43,0,0,1.50463e-36,0,0,1.50463e-36,0,7.17465e-43,0,0,2.86986e-42,0,0,0,0,0,0,0,0,0,0,0,0,0,0,0,0,0,0,0,0,0,0,0,0,0,0,0,0,0,0,0,2.52435e-29,0,3.85186e-34,0,0,0,0,0,0,0,0,0,0,4.59177e-41,0,0,-128,-47,-41,-49,-45,-51,-51,-56,-53,-54,-27,0,0,-2.8026e-45,188,0,0,0,2.52435e-29,0,0,1.4013e-45,0,0,0,0,0,0,0,0,0,0,0,0,0,0,0,0,0,0,0,0,0,0,0,0,0,0,0,0,0,0,0,0,0,0,0,0,0,0,0,0,0,0,0,0,0,0,0,0,0,0,0,0,0,0,0,0,0,0,0,0,0,0,0,9.18355e-41,0,0,0,0,0,0,0
2.52435e-29,0,0,0,0,0,3.85186e-34,0,0,0,0,0,0,0,0,0,0,0,0,0,0,0,0,0,0,0,0,0,0,0,0,0,0,0,0,0,0,0,0,0,7.17465e-43,0,0,0,0,0,0,0,0,0,0,0,0,0,0,0,0,0,0,2.86986e-42,0,0,0,0,0,0,0,0,0,0,0,0,0,0,0,0,2.35099e-38,0,0,0,0,0,0,0,0,0,0,0,0,0,0,0,0,0,0,0,0,0,0,0,0,0,0,0,0,0,0,0,0,0,0,0,0,0,0,0,0,0,0,0,0,0,0,0,0,4.59177e-41,0,0,0,0,0,0,0,0,0,0,0,0,0,0,0,1.0842e-19,0,0,0,0,0,0,0,0,0,0,0,0,0,0,0,0,0,0,0,0,0,0,0,0,0,0,0,0,0,0,0,0,0,0,0,0,0,0,0,0,0,0,1.0842e-19,0,0,0,0,0,0,0,0,0,0,1.50463e-36,0,0,0,0,1.12104e-44,0,0,0,0,0,0,0,2,0,1.12104e-44,0,0,0,0,0,1.0842e-19,0,0,7.34684e-40,0,0,-0,0
0,0,0,0,0,0,1.14794e-41,0,0,0,0,0,0,0,0,0,0,0,0,0,0,0,0,0,0,0,0,0,0,0,0,0,0,0,0,0,0,0,0,0,0,0,0,0,0,0,0,0,0,0,0,3.85186e-34,0,0,2.52435e-29,0,0,0,0,0,0,0,0,0,0,0,0,0,0,0,1.43493e-42,0,2.24208e-44,0,0,0,0,0,0,0,0,0,0,0,0,0,0,0,0,0,0,0,0,0,0,0,8.96831e-44,0,0,0,0,0,0,0,0,0,0,0,0,0,0,0,0,0,0,0,0,0,0,0,0,0,0,0,0,0,0,0,0,0,0,0,0,0,1.79366e-43,0,0,0,0,0,0,0,9.18355e-41,0,0,0,0,0,0,0,0,0,0,0,0,5.73972e-42,0,0,1.50464e-36,0,0,0,0,0,0,0,0,0,7.34684e-40,0,0,0,0,0,0,0,0,0,0,0,0,0,0,0,0,0,0,0,0,0,0,0,9.40395e-38,0,0,0,0,0,0,0,0,0,0,0,0,0,0,0,0,0,0,0,0,0,0,0,0,0,0,0,0,2,2.29589e-41,0
0,0,0,2.52435e-29,0,0,0,0,0,0,0,0,0,0,0,0,0,0,0,0,0,0,0,0,4.59177e-41,0,0,0,0,0,1.50463e-36,0,1.4013e-45,0,0,0,0,0,0,0,0,0,0,0,0,0,0,0,0,0,0,0,0,0,0,0,0,0,0,0,0,0,0,0,5.73972e-42,0,0,0,0,0,0,0,0,0,0,0,0,0,0,0,0,0,0,0,0,0,0,0,0,0,0,0,0,0,0,0,0,0,0,0,0,0,0,0,0,0,0,0,0,0,0,0,0,0,0,0,0,0,2.29589e-41,0,0,0,0,0,0,0,2.29589e-41,0,0,0,0,0,0,0,0,0,0,0,0,2.29589e-41,0,9.40395e-38,0,0,0,0,0,0,0,0,0,0,1.14794e-41,0,0,0,0,0,0,0,0,0,0,0,0,0,0,0,0,0,0,0,0,0,0,0,9.40424e-38,0,0,0,0,0,0,0,0,0,0,0,0,0,1.79366e-43,0,0,0,0,0,0,0,0,0,0,0,0,0,0,0,0,0,0,0,0,0,0,0,0,0,7.34684e-40,0,0,0,0,0,0,0
1.0842e-19,0,0,0,0,0,0,0,0,0,0,2,0,0,0,0,0,0,0,0,0,0,0,0,0,0,0,0,0,0,0,0,0,0,0,0,0,0,0,0,1.14794e-41,0,0,0,0,0,0,0,0,0,0,0,0,0,0,0,0,0,0,0,0,0,0,0,0,2,0,0,0,0,0,0,0,0,0,0,0,0,0,0,0,0,0,0,0,0,0,0,3.85186e-34,0,0,0,0,0,0,0,0,0,0,0,0,0,0,0,2.24208e-44,0,0,0,0,0,0,0,0,0,0,0,0,0,0,0,0,0,0,0,0,0,0,0,0,0,0,0,0,0,0,0,0,0,0,4.16519e-28,0,0,0,0,0,0,0,-0,0,0,0,0,0,0,0,0,0,0,0,0,0,0,0,0,0,0,0,0,0,0,0,0,0,0,0,0,0,0,0,0,0,0,0,0,0,0,0,0,0,0,2.52435e-29,0,0,0,0,3.85186e-34,0,0,0,0,0,0,0,0,0,0,0,0,2.52435e-29,0,0,0,0,0,0,0,0,0,0,0,0,0,9.40395e-38,0
0,0,0,0,0,0,0,0,0,0,0,0,0,7.34684e-40,0,0,5.87747e-39,0,0,0,0,0,0,0,2.86986e-42,0,0,0,0,0,0,0,0,0,0,0,0,0,0,0,0,0,0,0,0,0,0,0,0,0,0,0,0,0,0,0,0,0,0,0,0,0,0,0,0,0,0,0,0,0,0,0,0,0,0,0,0,0,0,0,0,0,0,0,0,0,0,0,0,0,0,0,0,0,0,0,0,0,0,0,0,0,0,0,0,0,0,0,0,0,0,0,0,0,0,0,0,0,0,0,0,0,0,0,0,0,0,0,0,0,0,0,0,0,0,0,0,0,0,0,0,0,0,0,0,0,0,0,0,0,0,0,0,0,0,0,0,0,0,0,0,0,0,0,0,0,9.21942e-41,0,0,0,0,0,0,0,0,0,0,0,0,0,0,0,0,0,0,0,0,0,0,0,0,0,0,0,0,0,0,0,0,0,0,0,0,0,0,0,0,0,1.4013e-45,0,0,2.35099e-38,0,0,0,0,0,0,0,0,0,0,0,0
